         ns       /testbench/out    
          delta                     
          0  +0                x 
         10  +2                0 
       2490  +2            32488 
       4890  +2            31977 
       7290  +2            31288 
       9690  +2            30491 
      12090  +2            29652 
      14490  +2            28820 
      16890  +2            28021 
      19290  +2            27257 
      21690  +2            26516 
      24090  +2            25780 
      26490  +2            25036 
      28890  +2            24277 
      31290  +2            23505 
      33690  +2            22728 
      36090  +2            21955 
      38490  +2            21192 
      40890  +2            20440 
      43290  +2            19693 
      45690  +2            18945 
      48090  +2            18191 
      50490  +2            17431 
      52890  +2            16667 
      55290  +2            15903 
      57690  +2            15143 
      60090  +2            14390 
      62490  +2            13644 
      64890  +2            12900 
      67290  +2            12155 
      69690  +2            11406 
      72090  +2            10652 
      74490  +2             9896 
      76890  +2             9140 
      79290  +2             8387 
      81690  +2             7639 
      84090  +2             6896 
      86490  +2             6157 
      88890  +2             5418 
      91290  +2             4678 
      93690  +2             3937 
      96090  +2             3195 
      98490  +2             2455 
     100890  +2             1717 
     103290  +2              980 
     105690  +2              243 
     108090  +2             -495 
     110490  +2            -1235 
     112890  +2            -1976 
     115290  +2            -2716 
     117690  +2            -3455 
     120090  +2            -4191 
     122490  +2            -4923 
     124890  +2            -5651 
     127290  +2            -6376 
     129690  +2            -7102 
     132090  +2            -7831 
     134490  +2            -8563 
     136890  +2            -9298 
     139290  +2           -10033 
     141690  +2           -10766 
     144090  +2           -11495 
     146490  +2           -12220 
     148890  +2           -12942 
     151290  +2           -13662 
     153690  +2           -14382 
     156090  +2           -15102 
     158490  +2           -15822 
     160890  +2           -16543 
     163290  +2           -17264 
     165690  +2           -17984 
     168090  +2           -18702 
     170490  +2           -19417 
     172890  +2           -20129 
     175290  +2           -20838 
     177690  +2           -21544 
     180090  +2           -22246 
     182490  +2           -22942 
     184890  +2           -23630 
     187290  +2           -24307 
     189690  +2           -24970 
     192090  +2           -25615 
     194490  +2           -26237 
     196890  +2           -26829 
     199290  +2           -27381 
     201690  +2           -27881 
     204090  +2           -28316 
     206490  +2           -28671 
     208890  +2           -28930 
     211290  +2           -29076 
     213690  +2           -29095 
     216090  +2           -28975 
     218490  +2           -28708 
     220890  +2           -28291 
     223290  +2           -27728 
     225690  +2           -27032 
     228090  +2           -26224 
     230490  +2           -25331 
     232890  +2           -24386 
     235290  +2           -23425 
     237690  +2           -22484 
     240090  +2           -21593 
     242490  +2           -20774 
     244890  +2           -20040 
     247290  +2           -19393 
     249690  +2           -18820 
     252090  +2           -18300 
     254490  +2           -17805 
     256890  +2           -17305 
     259290  +2           -16772 
     261690  +2           -16185 
     264090  +2           -15534 
     266490  +2           -14822 
     268890  +2           -14064 
     271290  +2           -13284 
     273690  +2           -12510 
     276090  +2           -11767 
     278490  +2           -11071 
     280890  +2           -10428 
     283290  +2            -9830 
     285690  +2            -9260 
     288090  +2            -8695 
     290490  +2            -8113 
     292890  +2            -7497 
     295290  +2            -6840 
     297690  +2            -6146 
     300090  +2            -5429 
     302490  +2            -4709 
     304890  +2            -4006 
     307290  +2            -3335 
     309690  +2            -2702 
     312090  +2            -2102 
     314490  +2            -1522 
     316890  +2             -944 
     319290  +2             -350 
     321690  +2              272 
     324090  +2              925 
     326490  +2             1602 
     328890  +2             2289 
     331290  +2             2970 
     333690  +2             3630 
     336090  +2             4261 
     338490  +2             4865 
     340890  +2             5451 
     343290  +2             6034 
     345690  +2             6629 
     348090  +2             7247 
     350490  +2             7890 
     352890  +2             8552 
     355290  +2             9221 
     357690  +2             9882 
     360090  +2            10523 
     362490  +2            11139 
     364890  +2            11732 
     367290  +2            12312 
     369690  +2            12893 
     372090  +2            13487 
     374490  +2            14101 
     376890  +2            14734 
     379290  +2            15378 
     381690  +2            16020 
     384090  +2            16648 
     386490  +2            17254 
     388890  +2            17836 
     391290  +2            18399 
     393690  +2            18952 
     396090  +2            19503 
     398490  +2            20057 
     400890  +2            20613 
     403290  +2            21161 
     405690  +2            21687 
     408090  +2            22176 
     410490  +2            22614 
     412890  +2            22994 
     415290  +2            23311 
     417690  +2            23564 
     420090  +2            23754 
     422490  +2            23876 
     424890  +2            23922 
     427290  +2            23882 
     429690  +2            23743 
     432090  +2            23493 
     434490  +2            23126 
     436890  +2            22643 
     439290  +2            22054 
     441690  +2            21376 
     444090  +2            20630 
     446490  +2            19838 
     448890  +2            19019 
     451290  +2            18190 
     453690  +2            17368 
     456090  +2            16569 
     458490  +2            15806 
     460890  +2            15094 
     463290  +2            14445 
     465690  +2            13866 
     468090  +2            13357 
     470490  +2            12909 
     472890  +2            12504 
     475290  +2            12117 
     477690  +2            11721 
     480090  +2            11292 
     482490  +2            10813 
     484890  +2            10276 
     487290  +2             9682 
     489690  +2             9039 
     492090  +2             8361 
     494490  +2             7666 
     496890  +2             6971 
     499290  +2             6291 
     501690  +2             5640 
     504090  +2             5027 
     506490  +2             4456 
     508890  +2             3927 
     511290  +2             3433 
     513690  +2             2961 
     516090  +2             2493 
     518490  +2             2008 
     520890  +2             1489 
     523290  +2              927 
     525690  +2              321 
     528090  +2             -320 
     530490  +2             -978 
     532890  +2            -1631 
     535290  +2            -2258 
     537690  +2            -2845 
     540090  +2            -3387 
     542490  +2            -3890 
     544890  +2            -4369 
     547290  +2            -4843 
     549690  +2            -5329 
     552090  +2            -5841 
     554490  +2            -6386 
     556890  +2            -6962 
     559290  +2            -7561 
     561690  +2            -8170 
     564090  +2            -8774 
     566490  +2            -9362 
     568890  +2            -9924 
     571290  +2           -10457 
     573690  +2           -10964 
     576090  +2           -11452 
     578490  +2           -11932 
     580890  +2           -12418 
     583290  +2           -12920 
     585690  +2           -13444 
     588090  +2           -13991 
     590490  +2           -14556 
     592890  +2           -15129 
     595290  +2           -15696 
     597690  +2           -16244 
     600090  +2           -16762 
     602490  +2           -17245 
     604890  +2           -17697 
     607290  +2           -18128 
     609690  +2           -18550 
     612090  +2           -18972 
     614490  +2           -19400 
     616890  +2           -19830 
     619290  +2           -20248 
     621690  +2           -20637 
     624090  +2           -20978 
     626490  +2           -21254 
     628890  +2           -21455 
     631290  +2           -21578 
     633690  +2           -21627 
     636090  +2           -21608 
     638490  +2           -21528 
     640890  +2           -21390 
     643290  +2           -21192 
     645690  +2           -20928 
     648090  +2           -20589 
     650490  +2           -20167 
     652890  +2           -19659 
     655290  +2           -19069 
     657690  +2           -18407 
     660090  +2           -17690 
     662490  +2           -16940 
     664890  +2           -16180 
     667290  +2           -15431 
     669690  +2           -14709 
     672090  +2           -14026 
     674490  +2           -13389 
     676890  +2           -12800 
     679290  +2           -12257 
     681690  +2           -11757 
     684090  +2           -11296 
     686490  +2           -10870 
     688890  +2           -10475 
     691290  +2           -10104 
     693690  +2            -9748 
     696090  +2            -9396 
     698490  +2            -9033 
     700890  +2            -8643 
     703290  +2            -8212 
     705690  +2            -7729 
     708090  +2            -7193 
     710490  +2            -6610 
     712890  +2            -5994 
     715290  +2            -5366 
     717690  +2            -4749 
     720090  +2            -4163 
     722490  +2            -3621 
     724890  +2            -3127 
     727290  +2            -2675 
     729690  +2            -2254 
     732090  +2            -1851 
     734490  +2            -1451 
     736890  +2            -1043 
     739290  +2             -622 
     741690  +2             -183 
     744090  +2              275 
     746490  +2              751 
     748890  +2             1246 
     751290  +2             1760 
     753690  +2             2290 
     756090  +2             2831 
     758490  +2             3374 
     760890  +2             3908 
     763290  +2             4421 
     765690  +2             4904 
     768090  +2             5354 
     770490  +2             5773 
     772890  +2             6173 
     775290  +2             6571 
     777690  +2             6983 
     780090  +2             7424 
     782490  +2             7901 
     784890  +2             8410 
     787290  +2             8941 
     789690  +2             9479 
     792090  +2            10009 
     794490  +2            10517 
     796890  +2            10996 
     799290  +2            11445 
     801690  +2            11871 
     804090  +2            12284 
     806490  +2            12692 
     808890  +2            13104 
     811290  +2            13524 
     813690  +2            13951 
     816090  +2            14384 
     818490  +2            14818 
     820890  +2            15245 
     823290  +2            15658 
     825690  +2            16050 
     828090  +2            16412 
     830490  +2            16738 
     832890  +2            17022 
     835290  +2            17260 
     837690  +2            17450 
     840090  +2            17591 
     842490  +2            17685 
     844890  +2            17735 
     847290  +2            17742 
     849690  +2            17705 
     852090  +2            17619 
     854490  +2            17478 
     856890  +2            17273 
     859290  +2            16994 
     861690  +2            16637 
     864090  +2            16202 
     866490  +2            15694 
     868890  +2            15125 
     871290  +2            14512 
     873690  +2            13873 
     876090  +2            13226 
     878490  +2            12584 
     880890  +2            11955 
     883290  +2            11342 
     885690  +2            10746 
     888090  +2            10167 
     890490  +2             9608 
     892890  +2             9075 
     895290  +2             8576 
     897690  +2             8120 
     900090  +2             7713 
     902490  +2             7357 
     904890  +2             7047 
     907290  +2             6770 
     909690  +2             6507 
     912090  +2             6237 
     914490  +2             5941 
     916890  +2             5604 
     919290  +2             5219 
     921690  +2             4786 
     924090  +2             4312 
     926490  +2             3807 
     928890  +2             3283 
     931290  +2             2753 
     933690  +2             2227 
     936090  +2             1713 
     938490  +2             1217 
     940890  +2              743 
     943290  +2              294 
     945690  +2             -128 
     948090  +2             -525 
     950490  +2             -900 
     952890  +2            -1257 
     955290  +2            -1603 
     957690  +2            -1946 
     960090  +2            -2294 
     962490  +2            -2654 
     964890  +2            -3032 
     967290  +2            -3433 
     969690  +2            -3859 
     972090  +2            -4312 
     974490  +2            -4789 
     976890  +2            -5282 
     979290  +2            -5781 
     981690  +2            -6272 
     984090  +2            -6742 
     986490  +2            -7179 
     988890  +2            -7576 
     991290  +2            -7934 
     993690  +2            -8262 
     996090  +2            -8576 
     998490  +2            -8894 
    1000890  +2            -9233 
    1003290  +2            -9605 
    1005690  +2           -10013 
    1008090  +2           -10451 
    1010490  +2           -10906 
    1012890  +2           -11362 
    1015290  +2           -11805 
    1017690  +2           -12225 
    1020090  +2           -12616 
    1022490  +2           -12980 
    1024890  +2           -13321 
    1027290  +2           -13645 
    1029690  +2           -13956 
    1032090  +2           -14256 
    1034490  +2           -14544 
    1036890  +2           -14818 
    1039290  +2           -15076 
    1041690  +2           -15318 
    1044090  +2           -15546 
    1046490  +2           -15760 
    1048890  +2           -15958 
    1051290  +2           -16134 
    1053690  +2           -16277 
    1056090  +2           -16372 
    1058490  +2           -16404 
    1060890  +2           -16364 
    1063290  +2           -16248 
    1065690  +2           -16059 
    1068090  +2           -15806 
    1070490  +2           -15504 
    1072890  +2           -15167 
    1075290  +2           -14806 
    1077690  +2           -14427 
    1080090  +2           -14029 
    1082490  +2           -13606 
    1084890  +2           -13149 
    1087290  +2           -12652 
    1089690  +2           -12115 
    1092090  +2           -11544 
    1094490  +2           -10952 
    1096890  +2           -10355 
    1099290  +2            -9773 
    1101690  +2            -9224 
    1104090  +2            -8721 
    1106490  +2            -8271 
    1108890  +2            -7876 
    1111290  +2            -7531 
    1113690  +2            -7226 
    1116090  +2            -6949 
    1118490  +2            -6687 
    1120890  +2            -6428 
    1123290  +2            -6163 
    1125690  +2            -5887 
    1128090  +2            -5598 
    1130490  +2            -5296 
    1132890  +2            -4982 
    1135290  +2            -4657 
    1137690  +2            -4319 
    1140090  +2            -3965 
    1142490  +2            -3591 
    1144890  +2            -3193 
    1147290  +2            -2769 
    1149690  +2            -2322 
    1152090  +2            -1857 
    1154490  +2            -1383 
    1156890  +2             -912 
    1159290  +2             -457 
    1161690  +2              -28 
    1164090  +2              367 
    1166490  +2              723 
    1168890  +2             1043 
    1171290  +2             1334 
    1173690  +2             1607 
    1176090  +2             1877 
    1178490  +2             2156 
    1180890  +2             2456 
    1183290  +2             2786 
    1185690  +2             3149 
    1188090  +2             3544 
    1190490  +2             3964 
    1192890  +2             4398 
    1195290  +2             4834 
    1197690  +2             5259 
    1200090  +2             5662 
    1202490  +2             6039 
    1204890  +2             6390 
    1207290  +2             6719 
    1209690  +2             7033 
    1212090  +2             7340 
    1214490  +2             7647 
    1216890  +2             7958 
    1219290  +2             8274 
    1221690  +2             8594 
    1224090  +2             8916 
    1226490  +2             9239 
    1228890  +2             9563 
    1231290  +2             9890 
    1233690  +2            10223 
    1236090  +2            10563 
    1238490  +2            10908 
    1240890  +2            11251 
    1243290  +2            11580 
    1245690  +2            11882 
    1248090  +2            12144 
    1250490  +2            12359 
    1252890  +2            12525 
    1255290  +2            12648 
    1257690  +2            12740 
    1260090  +2            12815 
    1262490  +2            12885 
    1264890  +2            12955 
    1267290  +2            13022 
    1269690  +2            13076 
    1272090  +2            13102 
    1274490  +2            13083 
    1276890  +2            13005 
    1279290  +2            12859 
    1281690  +2            12643 
    1284090  +2            12363 
    1286490  +2            12028 
    1288890  +2            11649 
    1291290  +2            11238 
    1293690  +2            10803 
    1296090  +2            10351 
    1298490  +2             9888 
    1300890  +2             9417 
    1303290  +2             8942 
    1305690  +2             8468 
    1308090  +2             7998 
    1310490  +2             7534 
    1312890  +2             7079 
    1315290  +2             6638 
    1317690  +2             6214 
    1320090  +2             5810 
    1322490  +2             5430 
    1324890  +2             5078 
    1327290  +2             4757 
    1329690  +2             4468 
    1332090  +2             4209 
    1334490  +2             3975 
    1336890  +2             3758 
    1339290  +2             3551 
    1341690  +2             3344 
    1344090  +2             3129 
    1346490  +2             2898 
    1348890  +2             2643 
    1351290  +2             2361 
    1353690  +2             2049 
    1356090  +2             1706 
    1358490  +2             1334 
    1360890  +2              939 
    1363290  +2              530 
    1365690  +2              116 
    1368090  +2             -292 
    1370490  +2             -684 
    1372890  +2            -1053 
    1375290  +2            -1396 
    1377690  +2            -1715 
    1380090  +2            -2014 
    1382490  +2            -2300 
    1384890  +2            -2579 
    1387290  +2            -2855 
    1389690  +2            -3131 
    1392090  +2            -3406 
    1394490  +2            -3678 
    1396890  +2            -3946 
    1399290  +2            -4211 
    1401690  +2            -4477 
    1404090  +2            -4751 
    1406490  +2            -5041 
    1408890  +2            -5353 
    1411290  +2            -5691 
    1413690  +2            -6053 
    1416090  +2            -6431 
    1418490  +2            -6814 
    1420890  +2            -7188 
    1423290  +2            -7538 
    1425690  +2            -7856 
    1428090  +2            -8140 
    1430490  +2            -8392 
    1432890  +2            -8621 
    1435290  +2            -8840 
    1437690  +2            -9061 
    1440090  +2            -9295 
    1442490  +2            -9546 
    1444890  +2            -9814 
    1447290  +2           -10094 
    1449690  +2           -10380 
    1452090  +2           -10664 
    1454490  +2           -10939 
    1456890  +2           -11201 
    1459290  +2           -11446 
    1461690  +2           -11671 
    1464090  +2           -11874 
    1466490  +2           -12049 
    1468890  +2           -12192 
    1471290  +2           -12299 
    1473690  +2           -12367 
    1476090  +2           -12395 
    1478490  +2           -12386 
    1480890  +2           -12345 
    1483290  +2           -12278 
    1485690  +2           -12190 
    1488090  +2           -12083 
    1490490  +2           -11956 
    1492890  +2           -11806 
    1495290  +2           -11626 
    1497690  +2           -11409 
    1500090  +2           -11152 
    1502490  +2           -10853 
    1504890  +2           -10514 
    1507290  +2           -10139 
    1509690  +2            -9734 
    1512090  +2            -9306 
    1514490  +2            -8860 
    1516890  +2            -8403 
    1519290  +2            -7943 
    1521690  +2            -7489 
    1524090  +2            -7050 
    1526490  +2            -6636 
    1528890  +2            -6257 
    1531290  +2            -5916 
    1533690  +2            -5613 
    1536090  +2            -5342 
    1538490  +2            -5093 
    1540890  +2            -4855 
    1543290  +2            -4618 
    1545690  +2            -4377 
    1548090  +2            -4131 
    1550490  +2            -3883 
    1552890  +2            -3642 
    1555290  +2            -3415 
    1557690  +2            -3205 
    1560090  +2            -3011 
    1562490  +2            -2826 
    1564890  +2            -2638 
    1567290  +2            -2434 
    1569690  +2            -2202 
    1572090  +2            -1932 
    1574490  +2            -1623 
    1576890  +2            -1278 
    1579290  +2             -906 
    1581690  +2             -520 
    1584090  +2             -133 
    1586490  +2              243 
    1588890  +2              598 
    1591290  +2              926 
    1593690  +2             1225 
    1596090  +2             1496 
    1598490  +2             1743 
    1600890  +2             1971 
    1603290  +2             2187 
    1605690  +2             2398 
    1608090  +2             2609 
    1610490  +2             2825 
    1612890  +2             3050 
    1615290  +2             3286 
    1617690  +2             3534 
    1620090  +2             3794 
    1622490  +2             4067 
    1624890  +2             4353 
    1627290  +2             4649 
    1629690  +2             4951 
    1632090  +2             5255 
    1634490  +2             5556 
    1636890  +2             5850 
    1639290  +2             6134 
    1641690  +2             6406 
    1644090  +2             6665 
    1646490  +2             6912 
    1648890  +2             7148 
    1651290  +2             7374 
    1653690  +2             7588 
    1656090  +2             7789 
    1658490  +2             7978 
    1660890  +2             8155 
    1663290  +2             8323 
    1665690  +2             8488 
    1668090  +2             8655 
    1670490  +2             8828 
    1672890  +2             9008 
    1675290  +2             9193 
    1677690  +2             9375 
    1680090  +2             9542 
    1682490  +2             9681 
    1684890  +2             9782 
    1687290  +2             9837 
    1689690  +2             9842 
    1692090  +2             9799 
    1694490  +2             9713 
    1696890  +2             9591 
    1699290  +2             9442 
    1701690  +2             9274 
    1704090  +2             9093 
    1706490  +2             8900 
    1708890  +2             8696 
    1711290  +2             8480 
    1713690  +2             8247 
    1716090  +2             7994 
    1718490  +2             7717 
    1720890  +2             7413 
    1723290  +2             7081 
    1725690  +2             6723 
    1728090  +2             6344 
    1730490  +2             5952 
    1732890  +2             5557 
    1735290  +2             5169 
    1737690  +2             4796 
    1740090  +2             4445 
    1742490  +2             4118 
    1744890  +2             3815 
    1747290  +2             3534 
    1749690  +2             3273 
    1752090  +2             3031 
    1754490  +2             2808 
    1756890  +2             2604 
    1759290  +2             2420 
    1761690  +2             2254 
    1764090  +2             2100 
    1766490  +2             1950 
    1768890  +2             1796 
    1771290  +2             1629 
    1773690  +2             1441 
    1776090  +2             1230 
    1778490  +2              998 
    1780890  +2              750 
    1783290  +2              495 
    1785690  +2              239 
    1788090  +2              -14 
    1790490  +2             -265 
    1792890  +2             -518 
    1795290  +2             -778 
    1797690  +2            -1049 
    1800090  +2            -1333 
    1802490  +2            -1629 
    1804890  +2            -1931 
    1807290  +2            -2231 
    1809690  +2            -2521 
    1812090  +2            -2794 
    1814490  +2            -3046 
    1816890  +2            -3275 
    1819290  +2            -3483 
    1821690  +2            -3675 
    1824090  +2            -3854 
    1826490  +2            -4026 
    1828890  +2            -4197 
    1831290  +2            -4373 
    1833690  +2            -4558 
    1836090  +2            -4758 
    1838490  +2            -4979 
    1840890  +2            -5222 
    1843290  +2            -5486 
    1845690  +2            -5767 
    1848090  +2            -6057 
    1850490  +2            -6345 
    1852890  +2            -6620 
    1855290  +2            -6875 
    1857690  +2            -7104 
    1860090  +2            -7307 
    1862490  +2            -7489 
    1864890  +2            -7656 
    1867290  +2            -7816 
    1869690  +2            -7975 
    1872090  +2            -8135 
    1874490  +2            -8294 
    1876890  +2            -8449 
    1879290  +2            -8596 
    1881690  +2            -8732 
    1884090  +2            -8855 
    1886490  +2            -8966 
    1888890  +2            -9069 
    1891290  +2            -9167 
    1893690  +2            -9261 
    1896090  +2            -9348 
    1898490  +2            -9421 
    1900890  +2            -9472 
    1903290  +2            -9494 
    1905690  +2            -9480 
    1908090  +2            -9425 
    1910490  +2            -9329 
    1912890  +2            -9195 
    1915290  +2            -9027 
    1917690  +2            -8831 
    1920090  +2            -8614 
    1922490  +2            -8381 
    1924890  +2            -8134 
    1927290  +2            -7874 
    1929690  +2            -7601 
    1932090  +2            -7318 
    1934490  +2            -7027 
    1936890  +2            -6731 
    1939290  +2            -6432 
    1941690  +2            -6132 
    1944090  +2            -5832 
    1946490  +2            -5531 
    1948890  +2            -5228 
    1951290  +2            -4922 
    1953690  +2            -4614 
    1956090  +2            -4308 
    1958490  +2            -4010 
    1960890  +2            -3727 
    1963290  +2            -3467 
    1965690  +2            -3236 
    1968090  +2            -3038 
    1970490  +2            -2872 
    1972890  +2            -2732 
    1975290  +2            -2610 
    1977690  +2            -2496 
    1980090  +2            -2379 
    1982490  +2            -2250 
    1984890  +2            -2104 
    1987290  +2            -1939 
    1989690  +2            -1758 
    1992090  +2            -1564 
    1994490  +2            -1359 
    1996890  +2            -1146 
    1999290  +2             -927 
    2001690  +2             -701 
    2004090  +2             -468 
    2006490  +2             -227 
    2008890  +2               21 
    2011290  +2              275 
    2013690  +2              532 
    2016090  +2              787 
    2018490  +2             1036 
    2020890  +2             1274 
    2023290  +2             1499 
    2025690  +2             1711 
    2028090  +2             1909 
    2030490  +2             2095 
    2032890  +2             2273 
    2035290  +2             2446 
    2037690  +2             2616 
    2040090  +2             2784 
    2042490  +2             2951 
    2044890  +2             3117 
    2047290  +2             3282 
    2049690  +2             3447 
    2052090  +2             3615 
    2054490  +2             3789 
    2056890  +2             3972 
    2059290  +2             4168 
    2061690  +2             4379 
    2064090  +2             4604 
    2066490  +2             4839 
    2068890  +2             5078 
    2071290  +2             5314 
    2073690  +2             5540 
    2076090  +2             5747 
    2078490  +2             5930 
    2080890  +2             6087 
    2083290  +2             6218 
    2085690  +2             6325 
    2088090  +2             6413 
    2090490  +2             6490 
    2092890  +2             6563 
    2095290  +2             6637 
    2097690  +2             6716 
    2100090  +2             6801 
    2102490  +2             6889 
    2104890  +2             6975 
    2107290  +2             7052 
    2109690  +2             7114 
    2112090  +2             7155 
    2114490  +2             7171 
    2116890  +2             7159 
    2119290  +2             7118 
    2121690  +2             7049 
    2124090  +2             6954 
    2126490  +2             6836 
    2128890  +2             6696 
    2131290  +2             6533 
    2133690  +2             6347 
    2136090  +2             6139 
    2138490  +2             5910 
    2140890  +2             5662 
    2143290  +2             5400 
    2145690  +2             5129 
    2148090  +2             4853 
    2150490  +2             4576 
    2152890  +2             4302 
    2155290  +2             4033 
    2157690  +2             3769 
    2160090  +2             3511 
    2162490  +2             3260 
    2164890  +2             3016 
    2167290  +2             2779 
    2169690  +2             2548 
    2172090  +2             2323 
    2174490  +2             2104 
    2176890  +2             1890 
    2179290  +2             1682 
    2181690  +2             1482 
    2184090  +2             1293 
    2186490  +2             1120 
    2188890  +2              967 
    2191290  +2              835 
    2193690  +2              723 
    2196090  +2              627 
    2198490  +2              540 
    2200890  +2              451 
    2203290  +2              349 
    2205690  +2              224 
    2208090  +2               70 
    2210490  +2             -113 
    2212890  +2             -322 
    2215290  +2             -551 
    2217690  +2             -790 
    2220090  +2            -1031 
    2222490  +2            -1267 
    2224890  +2            -1494 
    2227290  +2            -1712 
    2229690  +2            -1920 
    2232090  +2            -2120 
    2234490  +2            -2313 
    2236890  +2            -2500 
    2239290  +2            -2679 
    2241690  +2            -2850 
    2244090  +2            -3015 
    2246490  +2            -3176 
    2248890  +2            -3335 
    2251290  +2            -3496 
    2253690  +2            -3660 
    2256090  +2            -3825 
    2258490  +2            -3988 
    2260890  +2            -4147 
    2263290  +2            -4299 
    2265690  +2            -4442 
    2268090  +2            -4579 
    2270490  +2            -4716 
    2272890  +2            -4861 
    2275290  +2            -5019 
    2277690  +2            -5194 
    2280090  +2            -5386 
    2282490  +2            -5589 
    2284890  +2            -5792 
    2287290  +2            -5985 
    2289690  +2            -6160 
    2292090  +2            -6312 
    2294490  +2            -6441 
    2296890  +2            -6551 
    2299290  +2            -6648 
    2301690  +2            -6737 
    2304090  +2            -6820 
    2306490  +2            -6896 
    2308890  +2            -6962 
    2311290  +2            -7015 
    2313690  +2            -7053 
    2316090  +2            -7076 
    2318490  +2            -7086 
    2320890  +2            -7087 
    2323290  +2            -7083 
    2325690  +2            -7077 
    2328090  +2            -7069 
    2330490  +2            -7055 
    2332890  +2            -7029 
    2335290  +2            -6984 
    2337690  +2            -6912 
    2340090  +2            -6809 
    2342490  +2            -6673 
    2344890  +2            -6505 
    2347290  +2            -6308 
    2349690  +2            -6089 
    2352090  +2            -5855 
    2354490  +2            -5612 
    2356890  +2            -5366 
    2359290  +2            -5121 
    2361690  +2            -4880 
    2364090  +2            -4645 
    2366490  +2            -4415 
    2368890  +2            -4190 
    2371290  +2            -3968 
    2373690  +2            -3748 
    2376090  +2            -3529 
    2378490  +2            -3311 
    2380890  +2            -3098 
    2383290  +2            -2893 
    2385690  +2            -2699 
    2388090  +2            -2519 
    2390490  +2            -2355 
    2392890  +2            -2206 
    2395290  +2            -2068 
    2397690  +2            -1938 
    2400090  +2            -1813 
    2402490  +2            -1690 
    2404890  +2            -1567 
    2407290  +2            -1445 
    2409690  +2            -1327 
    2412090  +2            -1216 
    2414490  +2            -1112 
    2416890  +2            -1013 
    2419290  +2             -915 
    2421690  +2             -812 
    2424090  +2             -698 
    2426490  +2             -569 
    2428890  +2             -421 
    2431290  +2             -251 
    2433690  +2              -59 
    2436090  +2              152 
    2438490  +2              377 
    2440890  +2              611 
    2443290  +2              845 
    2445690  +2             1071 
    2448090  +2             1283 
    2450490  +2             1475 
    2452890  +2             1645 
    2455290  +2             1793 
    2457690  +2             1921 
    2460090  +2             2034 
    2462490  +2             2139 
    2464890  +2             2242 
    2467290  +2             2349 
    2469690  +2             2464 
    2472090  +2             2588 
    2474490  +2             2721 
    2476890  +2             2862 
    2479290  +2             3008 
    2481690  +2             3156 
    2484090  +2             3304 
    2486490  +2             3451 
    2488890  +2             3596 
    2491290  +2             3739 
    2493690  +2             3880 
    2496090  +2             4019 
    2498490  +2             4157 
    2500890  +2             4294 
    2503290  +2             4429 
    2505690  +2             4561 
    2508090  +2             4688 
    2510490  +2             4807 
    2512890  +2             4914 
    2515290  +2             5005 
    2517690  +2             5076 
    2520090  +2             5126 
    2522490  +2             5158 
    2524890  +2             5175 
    2527290  +2             5180 
    2529690  +2             5177 
    2532090  +2             5169 
    2534490  +2             5157 
    2536890  +2             5141 
    2539290  +2             5119 
    2541690  +2             5089 
    2544090  +2             5050 
    2546490  +2             5001 
    2548890  +2             4941 
    2551290  +2             4867 
    2553690  +2             4776 
    2556090  +2             4665 
    2558490  +2             4532 
    2560890  +2             4376 
    2563290  +2             4197 
    2565690  +2             3996 
    2568090  +2             3778 
    2570490  +2             3549 
    2572890  +2             3316 
    2575290  +2             3084 
    2577690  +2             2857 
    2580090  +2             2636 
    2582490  +2             2423 
    2584890  +2             2218 
    2587290  +2             2021 
    2589690  +2             1833 
    2592090  +2             1655 
    2594490  +2             1488 
    2596890  +2             1333 
    2599290  +2             1190 
    2601690  +2             1057 
    2604090  +2              929 
    2606490  +2              802 
    2608890  +2              673 
    2611290  +2              541 
    2613690  +2              407 
    2616090  +2              273 
    2618490  +2              143 
    2620890  +2               22 
    2623290  +2              -86 
    2625690  +2             -181 
    2628090  +2             -267 
    2630490  +2             -350 
    2632890  +2             -437 
    2635290  +2             -534 
    2637690  +2             -645 
    2640090  +2             -772 
    2642490  +2             -914 
    2644890  +2            -1067 
    2647290  +2            -1226 
    2649690  +2            -1385 
    2652090  +2            -1542 
    2654490  +2            -1697 
    2656890  +2            -1852 
    2659290  +2            -2009 
    2661690  +2            -2171 
    2664090  +2            -2340 
    2666490  +2            -2513 
    2668890  +2            -2685 
    2671290  +2            -2851 
    2673690  +2            -3004 
    2676090  +2            -3137 
    2678490  +2            -3248 
    2680890  +2            -3340 
    2683290  +2            -3418 
    2685690  +2            -3489 
    2688090  +2            -3562 
    2690490  +2            -3644 
    2692890  +2            -3739 
    2695290  +2            -3846 
    2697690  +2            -3963 
    2700090  +2            -4088 
    2702490  +2            -4216 
    2704890  +2            -4343 
    2707290  +2            -4466 
    2709690  +2            -4584 
    2712090  +2            -4698 
    2714490  +2            -4809 
    2716890  +2            -4917 
    2719290  +2            -5021 
    2721690  +2            -5120 
    2724090  +2            -5213 
    2726490  +2            -5298 
    2728890  +2            -5373 
    2731290  +2            -5437 
    2733690  +2            -5489 
    2736090  +2            -5528 
    2738490  +2            -5552 
    2740890  +2            -5561 
    2743290  +2            -5554 
    2745690  +2            -5532 
    2748090  +2            -5496 
    2750490  +2            -5448 
    2752890  +2            -5391 
    2755290  +2            -5328 
    2757690  +2            -5260 
    2760090  +2            -5188 
    2762490  +2            -5111 
    2764890  +2            -5027 
    2767290  +2            -4934 
    2769690  +2            -4829 
    2772090  +2            -4709 
    2774490  +2            -4573 
    2776890  +2            -4422 
    2779290  +2            -4258 
    2781690  +2            -4083 
    2784090  +2            -3897 
    2786490  +2            -3703 
    2788890  +2            -3503 
    2791290  +2            -3299 
    2793690  +2            -3095 
    2796090  +2            -2895 
    2798490  +2            -2702 
    2800890  +2            -2520 
    2803290  +2            -2353 
    2805690  +2            -2203 
    2808090  +2            -2069 
    2810490  +2            -1949 
    2812890  +2            -1841 
    2815290  +2            -1741 
    2817690  +2            -1645 
    2820090  +2            -1550 
    2822490  +2            -1455 
    2824890  +2            -1359 
    2827290  +2            -1261 
    2829690  +2            -1162 
    2832090  +2            -1062 
    2834490  +2             -960 
    2836890  +2             -856 
    2839290  +2             -751 
    2841690  +2             -646 
    2844090  +2             -543 
    2846490  +2             -443 
    2848890  +2             -345 
    2851290  +2             -247 
    2853690  +2             -147 
    2856090  +2              -42 
    2858490  +2               70 
    2860890  +2              191 
    2863290  +2              323 
    2865690  +2              465 
    2868090  +2              615 
    2870490  +2              770 
    2872890  +2              927 
    2875290  +2             1084 
    2877690  +2             1238 
    2880090  +2             1385 
    2882490  +2             1523 
    2884890  +2             1650 
    2887290  +2             1765 
    2889690  +2             1867 
    2892090  +2             1956 
    2894490  +2             2035 
    2896890  +2             2109 
    2899290  +2             2182 
    2901690  +2             2258 
    2904090  +2             2340 
    2906490  +2             2430 
    2908890  +2             2526 
    2911290  +2             2626 
    2913690  +2             2729 
    2916090  +2             2832 
    2918490  +2             2934 
    2920890  +2             3035 
    2923290  +2             3134 
    2925690  +2             3232 
    2928090  +2             3329 
    2930490  +2             3425 
    2932890  +2             3518 
    2935290  +2             3604 
    2937690  +2             3680 
    2940090  +2             3742 
    2942490  +2             3787 
    2944890  +2             3815 
    2947290  +2             3828 
    2949690  +2             3829 
    2952090  +2             3822 
    2954490  +2             3810 
    2956890  +2             3795 
    2959290  +2             3778 
    2961690  +2             3758 
    2964090  +2             3733 
    2966490  +2             3698 
    2968890  +2             3650 
    2971290  +2             3586 
    2973690  +2             3504 
    2976090  +2             3405 
    2978490  +2             3291 
    2980890  +2             3166 
    2983290  +2             3036 
    2985690  +2             2905 
    2988090  +2             2774 
    2990490  +2             2642 
    2992890  +2             2507 
    2995290  +2             2367 
    2997690  +2             2218 
    3000090  +2             2057 
    3002490  +2             1884 
    3004890  +2             1703 
    3007290  +2             1519 
    3009690  +2             1336 
    3012090  +2             1161 
    3014490  +2              998 
    3016890  +2              849 
    3019290  +2              715 
    3021690  +2              597 
    3024090  +2              493 
    3026490  +2              400 
    3028890  +2              317 
    3031290  +2              242 
    3033690  +2              173 
    3036090  +2              107 
    3038490  +2               40 
    3040890  +2              -30 
    3043290  +2             -107 
    3045690  +2             -193 
    3048090  +2             -288 
    3050490  +2             -390 
    3052890  +2             -495 
    3055290  +2             -599 
    3057690  +2             -697 
    3060090  +2             -787 
    3062490  +2             -871 
    3064890  +2             -952 
    3067290  +2            -1034 
    3069690  +2            -1121 
    3072090  +2            -1216 
    3074490  +2            -1319 
    3076890  +2            -1429 
    3079290  +2            -1545 
    3081690  +2            -1664 
    3084090  +2            -1784 
    3086490  +2            -1903 
    3088890  +2            -2021 
    3091290  +2            -2139 
    3093690  +2            -2257 
    3096090  +2            -2374 
    3098490  +2            -2489 
    3100890  +2            -2599 
    3103290  +2            -2702 
    3105690  +2            -2798 
    3108090  +2            -2886 
    3110490  +2            -2967 
    3112890  +2            -3042 
    3115290  +2            -3113 
    3117690  +2            -3181 
    3120090  +2            -3248 
    3122490  +2            -3316 
    3124890  +2            -3385 
    3127290  +2            -3455 
    3129690  +2            -3526 
    3132090  +2            -3598 
    3134490  +2            -3672 
    3136890  +2            -3748 
    3139290  +2            -3825 
    3141690  +2            -3903 
    3144090  +2            -3982 
    3146490  +2            -4060 
    3148890  +2            -4134 
    3151290  +2            -4201 
    3153690  +2            -4259 
    3156090  +2            -4306 
    3158490  +2            -4341 
    3160890  +2            -4363 
    3163290  +2            -4372 
    3165690  +2            -4368 
    3168090  +2            -4352 
    3170490  +2            -4324 
    3172890  +2            -4284 
    3175290  +2            -4233 
    3177690  +2            -4172 
    3180090  +2            -4102 
    3182490  +2            -4025 
    3184890  +2            -3943 
    3187290  +2            -3857 
    3189690  +2            -3768 
    3192090  +2            -3677 
    3194490  +2            -3584 
    3196890  +2            -3486 
    3199290  +2            -3382 
    3201690  +2            -3271 
    3204090  +2            -3152 
    3206490  +2            -3027 
    3208890  +2            -2897 
    3211290  +2            -2763 
    3213690  +2            -2627 
    3216090  +2            -2492 
    3218490  +2            -2359 
    3220890  +2            -2227 
    3223290  +2            -2095 
    3225690  +2            -1963 
    3228090  +2            -1831 
    3230490  +2            -1700 
    3232890  +2            -1570 
    3235290  +2            -1444 
    3237690  +2            -1325 
    3240090  +2            -1217 
    3242490  +2            -1122 
    3244890  +2            -1040 
    3247290  +2             -971 
    3249690  +2             -914 
    3252090  +2             -865 
    3254490  +2             -820 
    3256890  +2             -774 
    3259290  +2             -723 
    3261690  +2             -664 
    3264090  +2             -597 
    3266490  +2             -522 
    3268890  +2             -438 
    3271290  +2             -347 
    3273690  +2             -251 
    3276090  +2             -152 
    3278490  +2              -52 
    3280890  +2               47 
    3283290  +2              144 
    3285690  +2              240 
    3288090  +2              336 
    3290490  +2              433 
    3292890  +2              532 
    3295290  +2              632 
    3297690  +2              734 
    3300090  +2              838 
    3302490  +2              944 
    3304890  +2             1051 
    3307290  +2             1157 
    3309690  +2             1259 
    3312090  +2             1355 
    3314490  +2             1445 
    3316890  +2             1528 
    3319290  +2             1604 
    3321690  +2             1674 
    3324090  +2             1739 
    3326490  +2             1800 
    3328890  +2             1857 
    3331290  +2             1910 
    3333690  +2             1960 
    3336090  +2             2009 
    3338490  +2             2058 
    3340890  +2             2108 
    3343290  +2             2161 
    3345690  +2             2218 
    3348090  +2             2280 
    3350490  +2             2347 
    3352890  +2             2418 
    3355290  +2             2491 
    3357690  +2             2562 
    3360090  +2             2628 
    3362490  +2             2687 
    3364890  +2             2736 
    3367290  +2             2774 
    3369690  +2             2801 
    3372090  +2             2817 
    3374490  +2             2822 
    3376890  +2             2816 
    3379290  +2             2799 
    3381690  +2             2771 
    3384090  +2             2731 
    3386490  +2             2680 
    3388890  +2             2619 
    3391290  +2             2549 
    3393690  +2             2474 
    3396090  +2             2397 
    3398490  +2             2320 
    3400890  +2             2244 
    3403290  +2             2169 
    3405690  +2             2094 
    3408090  +2             2017 
    3410490  +2             1935 
    3412890  +2             1846 
    3415290  +2             1749 
    3417690  +2             1642 
    3420090  +2             1526 
    3422490  +2             1403 
    3424890  +2             1275 
    3427290  +2             1146 
    3429690  +2             1019 
    3432090  +2              895 
    3434490  +2              775 
    3436890  +2              660 
    3439290  +2              551 
    3441690  +2              448 
    3444090  +2              349 
    3446490  +2              254 
    3448890  +2              163 
    3451290  +2               75 
    3453690  +2              -10 
    3456090  +2              -93 
    3458490  +2             -174 
    3460890  +2             -252 
    3463290  +2             -326 
    3465690  +2             -394 
    3468090  +2             -454 
    3470490  +2             -505 
    3472890  +2             -548 
    3475290  +2             -585 
    3477690  +2             -620 
    3480090  +2             -657 
    3482490  +2             -700 
    3484890  +2             -754 
    3487290  +2             -822 
    3489690  +2             -904 
    3492090  +2             -998 
    3494490  +2            -1100 
    3496890  +2            -1205 
    3499290  +2            -1307 
    3501690  +2            -1402 
    3504090  +2            -1490 
    3506490  +2            -1571 
    3508890  +2            -1646 
    3511290  +2            -1717 
    3513690  +2            -1787 
    3516090  +2            -1858 
    3518490  +2            -1930 
    3520890  +2            -2004 
    3523290  +2            -2081 
    3525690  +2            -2161 
    3528090  +2            -2243 
    3530490  +2            -2325 
    3532890  +2            -2406 
    3535290  +2            -2484 
    3537690  +2            -2556 
    3540090  +2            -2621 
    3542490  +2            -2680 
    3544890  +2            -2733 
    3547290  +2            -2780 
    3549690  +2            -2822 
    3552090  +2            -2861 
    3554490  +2            -2899 
    3556890  +2            -2938 
    3559290  +2            -2980 
    3561690  +2            -3026 
    3564090  +2            -3076 
    3566490  +2            -3129 
    3568890  +2            -3183 
    3571290  +2            -3236 
    3573690  +2            -3287 
    3576090  +2            -3335 
    3578490  +2            -3378 
    3580890  +2            -3414 
    3583290  +2            -3441 
    3585690  +2            -3458 
    3588090  +2            -3464 
    3590490  +2            -3459 
    3592890  +2            -3443 
    3595290  +2            -3417 
    3597690  +2            -3381 
    3600090  +2            -3335 
    3602490  +2            -3280 
    3604890  +2            -3217 
    3607290  +2            -3147 
    3609690  +2            -3072 
    3612090  +2            -2993 
    3614490  +2            -2911 
    3616890  +2            -2827 
    3619290  +2            -2741 
    3621690  +2            -2654 
    3624090  +2            -2566 
    3626490  +2            -2477 
    3628890  +2            -2387 
    3631290  +2            -2295 
    3633690  +2            -2200 
    3636090  +2            -2103 
    3638490  +2            -2004 
    3640890  +2            -1903 
    3643290  +2            -1802 
    3645690  +2            -1702 
    3648090  +2            -1602 
    3650490  +2            -1503 
    3652890  +2            -1405 
    3655290  +2            -1308 
    3657690  +2            -1213 
    3660090  +2            -1120 
    3662490  +2            -1029 
    3664890  +2             -941 
    3667290  +2             -858 
    3669690  +2             -781 
    3672090  +2             -710 
    3674490  +2             -646 
    3676890  +2             -590 
    3679290  +2             -541 
    3681690  +2             -497 
    3684090  +2             -458 
    3686490  +2             -423 
    3688890  +2             -392 
    3691290  +2             -363 
    3693690  +2             -334 
    3696090  +2             -301 
    3698490  +2             -261 
    3700890  +2             -211 
    3703290  +2             -149 
    3705690  +2              -75 
    3708090  +2                9 
    3710490  +2              100 
    3712890  +2              196 
    3715290  +2              294 
    3717690  +2              391 
    3720090  +2              484 
    3722490  +2              572 
    3724890  +2              653 
    3727290  +2              727 
    3729690  +2              795 
    3732090  +2              858 
    3734490  +2              916 
    3736890  +2              969 
    3739290  +2             1019 
    3741690  +2             1067 
    3744090  +2             1115 
    3746490  +2             1166 
    3748890  +2             1222 
    3751290  +2             1282 
    3753690  +2             1345 
    3756090  +2             1410 
    3758490  +2             1473 
    3760890  +2             1530 
    3763290  +2             1577 
    3765690  +2             1612 
    3768090  +2             1635 
    3770490  +2             1649 
    3772890  +2             1658 
    3775290  +2             1667 
    3777690  +2             1681 
    3780090  +2             1703 
    3782490  +2             1734 
    3784890  +2             1774 
    3787290  +2             1820 
    3789690  +2             1868 
    3792090  +2             1914 
    3794490  +2             1954 
    3796890  +2             1986 
    3799290  +2             2008 
    3801690  +2             2018 
    3804090  +2             2015 
    3806490  +2             1998 
    3808890  +2             1967 
    3811290  +2             1922 
    3813690  +2             1866 
    3816090  +2             1801 
    3818490  +2             1729 
    3820890  +2             1653 
    3823290  +2             1575 
    3825690  +2             1497 
    3828090  +2             1420 
    3830490  +2             1343 
    3832890  +2             1265 
    3835290  +2             1185 
    3837690  +2             1103 
    3840090  +2             1018 
    3842490  +2              932 
    3844890  +2              847 
    3847290  +2              764 
    3849690  +2              684 
    3852090  +2              607 
    3854490  +2              532 
    3856890  +2              456 
    3859290  +2              378 
    3861690  +2              297 
    3864090  +2              214 
    3866490  +2              131 
    3868890  +2               50 
    3871290  +2              -26 
    3873690  +2              -96 
    3876090  +2             -161 
    3878490  +2             -221 
    3880890  +2             -278 
    3883290  +2             -333 
    3885690  +2             -387 
    3888090  +2             -441 
    3890490  +2             -494 
    3892890  +2             -546 
    3895290  +2             -596 
    3897690  +2             -642 
    3900090  +2             -684 
    3902490  +2             -723 
    3904890  +2             -760 
    3907290  +2             -796 
    3909690  +2             -833 
    3912090  +2             -873 
    3914490  +2             -917 
    3916890  +2             -967 
    3919290  +2            -1024 
    3921690  +2            -1087 
    3924090  +2            -1155 
    3926490  +2            -1226 
    3928890  +2            -1297 
    3931290  +2            -1366 
    3933690  +2            -1432 
    3936090  +2            -1495 
    3938490  +2            -1556 
    3940890  +2            -1616 
    3943290  +2            -1677 
    3945690  +2            -1741 
    3948090  +2            -1808 
    3950490  +2            -1877 
    3952890  +2            -1945 
    3955290  +2            -2009 
    3957690  +2            -2067 
    3960090  +2            -2118 
    3962490  +2            -2161 
    3964890  +2            -2198 
    3967290  +2            -2231 
    3969690  +2            -2263 
    3972090  +2            -2296 
    3974490  +2            -2331 
    3976890  +2            -2368 
    3979290  +2            -2406 
    3981690  +2            -2444 
    3984090  +2            -2480 
    3986490  +2            -2511 
    3988890  +2            -2537 
    3991290  +2            -2559 
    3993690  +2            -2578 
    3996090  +2            -2594 
    3998490  +2            -2608 
    4000890  +2            -2620 
    4003290  +2            -2630 
    4005690  +2            -2638 
    4008090  +2            -2644 
    4010490  +2            -2648 
    4012890  +2            -2650 
    4015290  +2            -2649 
    4017690  +2            -2644 
    4020090  +2            -2634 
    4022490  +2            -2618 
    4024890  +2            -2594 
    4027290  +2            -2561 
    4029690  +2            -2519 
    4032090  +2            -2470 
    4034490  +2            -2415 
    4036890  +2            -2353 
    4039290  +2            -2285 
    4041690  +2            -2212 
    4044090  +2            -2136 
    4046490  +2            -2058 
    4048890  +2            -1979 
    4051290  +2            -1899 
    4053690  +2            -1820 
    4056090  +2            -1742 
    4058490  +2            -1665 
    4060890  +2            -1588 
    4063290  +2            -1511 
    4065690  +2            -1434 
    4068090  +2            -1358 
    4070490  +2            -1284 
    4072890  +2            -1214 
    4075290  +2            -1148 
    4077690  +2            -1086 
    4080090  +2            -1027 
    4082490  +2             -970 
    4084890  +2             -914 
    4087290  +2             -858 
    4089690  +2             -802 
    4092090  +2             -747 
    4094490  +2             -694 
    4096890  +2             -643 
    4099290  +2             -595 
    4101690  +2             -550 
    4104090  +2             -507 
    4106490  +2             -465 
    4108890  +2             -424 
    4111290  +2             -384 
    4113690  +2             -346 
    4116090  +2             -310 
    4118490  +2             -276 
    4120890  +2             -244 
    4123290  +2             -212 
    4125690  +2             -178 
    4128090  +2             -140 
    4130490  +2              -96 
    4132890  +2              -45 
    4135290  +2               11 
    4137690  +2               71 
    4140090  +2              135 
    4142490  +2              201 
    4144890  +2              268 
    4147290  +2              335 
    4149690  +2              402 
    4152090  +2              469 
    4154490  +2              536 
    4156890  +2              602 
    4159290  +2              664 
    4161690  +2              720 
    4164090  +2              769 
    4166490  +2              809 
    4168890  +2              840 
    4171290  +2              863 
    4173690  +2              881 
    4176090  +2              897 
    4178490  +2              914 
    4180890  +2              934 
    4183290  +2              958 
    4185690  +2              986 
    4188090  +2             1017 
    4190490  +2             1050 
    4192890  +2             1083 
    4195290  +2             1115 
    4197690  +2             1146 
    4200090  +2             1175 
    4202490  +2             1202 
    4204890  +2             1228 
    4207290  +2             1252 
    4209690  +2             1274 
    4212090  +2             1294 
    4214490  +2             1313 
    4216890  +2             1330 
    4219290  +2             1344 
    4221690  +2             1354 
    4224090  +2             1359 
    4226490  +2             1358 
    4228890  +2             1351 
    4231290  +2             1338 
    4233690  +2             1319 
    4236090  +2             1295 
    4238490  +2             1265 
    4240890  +2             1230 
    4243290  +2             1188 
    4245690  +2             1137 
    4248090  +2             1076 
    4250490  +2             1005 
    4252890  +2              926 
    4255290  +2              842 
    4257690  +2              758 
    4260090  +2              678 
    4262490  +2              606 
    4264890  +2              543 
    4267290  +2              487 
    4269690  +2              435 
    4272090  +2              384 
    4274490  +2              332 
    4276890  +2              276 
    4279290  +2              215 
    4281690  +2              150 
    4284090  +2               82 
    4286490  +2               13 
    4288890  +2              -54 
    4291290  +2             -118 
    4293690  +2             -180 
    4296090  +2             -239 
    4298490  +2             -295 
    4300890  +2             -347 
    4303290  +2             -394 
    4305690  +2             -436 
    4308090  +2             -473 
    4310490  +2             -505 
    4312890  +2             -534 
    4315290  +2             -562 
    4317690  +2             -591 
    4320090  +2             -622 
    4322490  +2             -655 
    4324890  +2             -690 
    4327290  +2             -727 
    4329690  +2             -765 
    4332090  +2             -803 
    4334490  +2             -840 
    4336890  +2             -876 
    4339290  +2             -912 
    4341690  +2             -949 
    4344090  +2             -988 
    4346490  +2            -1030 
    4348890  +2            -1076 
    4351290  +2            -1126 
    4353690  +2            -1179 
    4356090  +2            -1235 
    4358490  +2            -1291 
    4360890  +2            -1346 
    4363290  +2            -1400 
    4365690  +2            -1452 
    4368090  +2            -1501 
    4370490  +2            -1547 
    4372890  +2            -1590 
    4375290  +2            -1631 
    4377690  +2            -1670 
    4380090  +2            -1708 
    4382490  +2            -1745 
    4384890  +2            -1780 
    4387290  +2            -1812 
    4389690  +2            -1841 
    4392090  +2            -1867 
    4394490  +2            -1889 
    4396890  +2            -1908 
    4399290  +2            -1926 
    4401690  +2            -1944 
    4404090  +2            -1963 
    4406490  +2            -1983 
    4408890  +2            -2003 
    4411290  +2            -2022 
    4413690  +2            -2038 
    4416090  +2            -2051 
    4418490  +2            -2061 
    4420890  +2            -2069 
    4423290  +2            -2076 
    4425690  +2            -2083 
    4428090  +2            -2091 
    4430490  +2            -2100 
    4432890  +2            -2109 
    4435290  +2            -2116 
    4437690  +2            -2120 
    4440090  +2            -2119 
    4442490  +2            -2111 
    4444890  +2            -2096 
    4447290  +2            -2074 
    4449690  +2            -2047 
    4452090  +2            -2016 
    4454490  +2            -1982 
    4456890  +2            -1946 
    4459290  +2            -1908 
    4461690  +2            -1869 
    4464090  +2            -1828 
    4466490  +2            -1783 
    4468890  +2            -1734 
    4471290  +2            -1680 
    4473690  +2            -1621 
    4476090  +2            -1557 
    4478490  +2            -1489 
    4480890  +2            -1417 
    4483290  +2            -1342 
    4485690  +2            -1265 
    4488090  +2            -1189 
    4490490  +2            -1116 
    4492890  +2            -1047 
    4495290  +2             -983 
    4497690  +2             -925 
    4500090  +2             -874 
    4502490  +2             -830 
    4504890  +2             -792 
    4507290  +2             -758 
    4509690  +2             -726 
    4512090  +2             -695 
    4514490  +2             -663 
    4516890  +2             -630 
    4519290  +2             -597 
    4521690  +2             -565 
    4524090  +2             -534 
    4526490  +2             -505 
    4528890  +2             -478 
    4531290  +2             -453 
    4533690  +2             -429 
    4536090  +2             -404 
    4538490  +2             -377 
    4540890  +2             -348 
    4543290  +2             -317 
    4545690  +2             -284 
    4548090  +2             -249 
    4550490  +2             -213 
    4552890  +2             -176 
    4555290  +2             -137 
    4557690  +2              -96 
    4560090  +2              -52 
    4562490  +2               -4 
    4564890  +2               47 
    4567290  +2              100 
    4569690  +2              154 
    4572090  +2              207 
    4574490  +2              258 
    4576890  +2              306 
    4579290  +2              350 
    4581690  +2              391 
    4584090  +2              430 
    4586490  +2              467 
    4588890  +2              503 
    4591290  +2              538 
    4593690  +2              571 
    4596090  +2              600 
    4598490  +2              624 
    4600890  +2              641 
    4603290  +2              652 
    4605690  +2              659 
    4608090  +2              664 
    4610490  +2              669 
    4612890  +2              676 
    4615290  +2              687 
    4617690  +2              703 
    4620090  +2              725 
    4622490  +2              752 
    4624890  +2              782 
    4627290  +2              813 
    4629690  +2              843 
    4632090  +2              870 
    4634490  +2              892 
    4636890  +2              908 
    4639290  +2              917 
    4641690  +2              920 
    4644090  +2              918 
    4646490  +2              913 
    4648890  +2              906 
    4651290  +2              897 
    4653690  +2              885 
    4656090  +2              869 
    4658490  +2              847 
    4660890  +2              817 
    4663290  +2              778 
    4665690  +2              731 
    4668090  +2              677 
    4670490  +2              620 
    4672890  +2              563 
    4675290  +2              508 
    4677690  +2              456 
    4680090  +2              408 
    4682490  +2              363 
    4684890  +2              320 
    4687290  +2              277 
    4689690  +2              232 
    4692090  +2              185 
    4694490  +2              137 
    4696890  +2               88 
    4699290  +2               39 
    4701690  +2               -8 
    4704090  +2              -54 
    4706490  +2             -100 
    4708890  +2             -147 
    4711290  +2             -196 
    4713690  +2             -246 
    4716090  +2             -296 
    4718490  +2             -344 
    4720890  +2             -389 
    4723290  +2             -430 
    4725690  +2             -466 
    4728090  +2             -498 
    4730490  +2             -528 
    4732890  +2             -558 
    4735290  +2             -590 
    4737690  +2             -624 
    4740090  +2             -659 
    4742490  +2             -693 
    4744890  +2             -725 
    4747290  +2             -754 
    4749690  +2             -779 
    4752090  +2             -800 
    4754490  +2             -818 
    4756890  +2             -834 
    4759290  +2             -850 
    4761690  +2             -867 
    4764090  +2             -886 
    4766490  +2             -908 
    4768890  +2             -934 
    4771290  +2             -964 
    4773690  +2             -999 
    4776090  +2            -1038 
    4778490  +2            -1080 
    4780890  +2            -1123 
    4783290  +2            -1166 
    4785690  +2            -1207 
    4788090  +2            -1244 
    4790490  +2            -1276 
    4792890  +2            -1303 
    4795290  +2            -1327 
    4797690  +2            -1349 
    4800090  +2            -1371 
    4802490  +2            -1394 
    4804890  +2            -1418 
    4807290  +2            -1443 
    4809690  +2            -1469 
    4812090  +2            -1495 
    4814490  +2            -1520 
    4816890  +2            -1542 
    4819290  +2            -1561 
    4821690  +2            -1576 
    4824090  +2            -1586 
    4826490  +2            -1592 
    4828890  +2            -1595 
    4831290  +2            -1596 
    4833690  +2            -1597 
    4836090  +2            -1599 
    4838490  +2            -1604 
    4840890  +2            -1612 
    4843290  +2            -1624 
    4845690  +2            -1639 
    4848090  +2            -1655 
    4850490  +2            -1670 
    4852890  +2            -1683 
    4855290  +2            -1692 
    4857690  +2            -1697 
    4860090  +2            -1698 
    4862490  +2            -1696 
    4864890  +2            -1692 
    4867290  +2            -1687 
    4869690  +2            -1681 
    4872090  +2            -1674 
    4874490  +2            -1665 
    4876890  +2            -1652 
    4879290  +2            -1634 
    4881690  +2            -1610 
    4884090  +2            -1580 
    4886490  +2            -1545 
    4888890  +2            -1506 
    4891290  +2            -1464 
    4893690  +2            -1420 
    4896090  +2            -1374 
    4898490  +2            -1326 
    4900890  +2            -1276 
    4903290  +2            -1225 
    4905690  +2            -1173 
    4908090  +2            -1120 
    4910490  +2            -1066 
    4912890  +2            -1012 
    4915290  +2             -959 
    4917690  +2             -908 
    4920090  +2             -859 
    4922490  +2             -813 
    4924890  +2             -770 
    4927290  +2             -731 
    4929690  +2             -696 
    4932090  +2             -665 
    4934490  +2             -638 
    4936890  +2             -615 
    4939290  +2             -595 
    4941690  +2             -575 
    4944090  +2             -554 
    4946490  +2             -530 
    4948890  +2             -502 
    4951290  +2             -470 
    4953690  +2             -435 
    4956090  +2             -399 
    4958490  +2             -364 
    4960890  +2             -332 
    4963290  +2             -304 
    4965690  +2             -280 
    4968090  +2             -259 
    4970490  +2             -239 
    4972890  +2             -218 
    4975290  +2             -195 
    4977690  +2             -169 
    4980090  +2             -140 
    4982490  +2             -109 
    4984890  +2              -77 
    4987290  +2              -44 
    4989690  +2              -11 
    4992090  +2               20 
    4994490  +2               49 
    4996890  +2               76 
    4999290  +2              101 
    5001690  +2              125 
    5004090  +2              148 
    5006490  +2              171 
    5008890  +2              194 
    5011290  +2              218 
    5013690  +2              243 
    5016090  +2              269 
    5018490  +2              296 
    5020890  +2              323 
    5023290  +2              350 
    5025690  +2              376 
    5028090  +2              401 
    5030490  +2              425 
    5032890  +2              448 
    5035290  +2              470 
    5037690  +2              491 
    5040090  +2              511 
    5042490  +2              529 
    5044890  +2              544 
    5047290  +2              555 
    5049690  +2              562 
    5052090  +2              564 
    5054490  +2              562 
    5056890  +2              557 
    5059290  +2              550 
    5061690  +2              542 
    5064090  +2              534 
    5066490  +2              526 
    5068890  +2              518 
    5071290  +2              509 
    5073690  +2              498 
    5076090  +2              484 
    5078490  +2              467 
    5080890  +2              446 
    5083290  +2              421 
    5085690  +2              393 
    5088090  +2              362 
    5090490  +2              329 
    5092890  +2              295 
    5095290  +2              261 
    5097690  +2              228 
    5100090  +2              196 
    5102490  +2              165 
    5104890  +2              135 
    5107290  +2              105 
    5109690  +2               73 
    5112090  +2               38 
    5114490  +2               -1 
    5116890  +2              -44 
    5119290  +2              -91 
    5121690  +2             -140 
    5124090  +2             -188 
    5126490  +2             -233 
    5128890  +2             -274 
    5131290  +2             -310 
    5133690  +2             -342 
    5136090  +2             -372 
    5138490  +2             -402 
    5140890  +2             -433 
    5143290  +2             -465 
    5145690  +2             -498 
    5148090  +2             -530 
    5150490  +2             -560 
    5152890  +2             -586 
    5155290  +2             -607 
    5157690  +2             -623 
    5160090  +2             -634 
    5162490  +2             -642 
    5164890  +2             -649 
    5167290  +2             -657 
    5169690  +2             -667 
    5172090  +2             -680 
    5174490  +2             -695 
    5176890  +2             -712 
    5179290  +2             -730 
    5181690  +2             -749 
    5184090  +2             -769 
    5186490  +2             -789 
    5188890  +2             -810 
    5191290  +2             -832 
    5193690  +2             -855 
    5196090  +2             -879 
    5198490  +2             -904 
    5200890  +2             -929 
    5203290  +2             -954 
    5205690  +2             -980 
    5208090  +2            -1007 
    5210490  +2            -1035 
    5212890  +2            -1063 
    5215290  +2            -1091 
    5217690  +2            -1118 
    5220090  +2            -1144 
    5222490  +2            -1168 
    5224890  +2            -1190 
    5227290  +2            -1211 
    5229690  +2            -1231 
    5232090  +2            -1250 
    5234490  +2            -1267 
    5236890  +2            -1282 
    5239290  +2            -1296 
    5241690  +2            -1308 
    5244090  +2            -1318 
    5246490  +2            -1326 
    5248890  +2            -1333 
    5251290  +2            -1339 
    5253690  +2            -1345 
    5256090  +2            -1352 
    5258490  +2            -1360 
    5260890  +2            -1368 
    5263290  +2            -1375 
    5265690  +2            -1381 
    5268090  +2            -1385 
    5270490  +2            -1386 
    5272890  +2            -1385 
    5275290  +2            -1382 
    5277690  +2            -1377 
    5280090  +2            -1371 
    5282490  +2            -1365 
    5284890  +2            -1359 
    5287290  +2            -1353 
    5289690  +2            -1347 
    5292090  +2            -1341 
    5294490  +2            -1335 
    5296890  +2            -1329 
    5299290  +2            -1323 
    5301690  +2            -1316 
    5304090  +2            -1308 
    5306490  +2            -1298 
    5308890  +2            -1286 
    5311290  +2            -1271 
    5313690  +2            -1253 
    5316090  +2            -1233 
    5318490  +2            -1210 
    5320890  +2            -1184 
    5323290  +2            -1156 
    5325690  +2            -1126 
    5328090  +2            -1094 
    5330490  +2            -1060 
    5332890  +2            -1023 
    5335290  +2             -983 
    5337690  +2             -940 
    5340090  +2             -894 
    5342490  +2             -845 
    5344890  +2             -794 
    5347290  +2             -743 
    5349690  +2             -693 
    5352090  +2             -646 
    5354490  +2             -604 
    5356890  +2             -568 
    5359290  +2             -537 
    5361690  +2             -511 
    5364090  +2             -490 
    5366490  +2             -473 
    5368890  +2             -459 
    5371290  +2             -447 
    5373690  +2             -435 
    5376090  +2             -422 
    5378490  +2             -407 
    5380890  +2             -389 
    5383290  +2             -368 
    5385690  +2             -344 
    5388090  +2             -317 
    5390490  +2             -288 
    5392890  +2             -258 
    5395290  +2             -228 
    5397690  +2             -199 
    5400090  +2             -172 
    5402490  +2             -148 
    5404890  +2             -128 
    5407290  +2             -112 
    5409690  +2              -99 
    5412090  +2              -89 
    5414490  +2              -81 
    5416890  +2              -74 
    5419290  +2              -66 
    5421690  +2              -56 
    5424090  +2              -43 
    5426490  +2              -27 
    5428890  +2               -8 
    5431290  +2               13 
    5433690  +2               35 
    5436090  +2               58 
    5438490  +2               82 
    5440890  +2              106 
    5443290  +2              130 
    5445690  +2              153 
    5448090  +2              174 
    5450490  +2              192 
    5452890  +2              207 
    5455290  +2              219 
    5457690  +2              228 
    5460090  +2              234 
    5462490  +2              237 
    5467290  +2              234 
    5469690  +2              229 
    5472090  +2              222 
    5474490  +2              215 
    5476890  +2              209 
    5479290  +2              206 
    5481690  +2              207 
    5484090  +2              212 
    5486490  +2              220 
    5488890  +2              230 
    5491290  +2              239 
    5493690  +2              244 
    5496090  +2              243 
    5498490  +2              235 
    5500890  +2              220 
    5503290  +2              199 
    5505690  +2              174 
    5508090  +2              147 
    5510490  +2              120 
    5512890  +2               94 
    5515290  +2               69 
    5517690  +2               44 
    5520090  +2               18 
    5522490  +2               -9 
    5524890  +2              -38 
    5527290  +2              -70 
    5529690  +2             -104 
    5532090  +2             -139 
    5534490  +2             -174 
    5536890  +2             -207 
    5539290  +2             -237 
    5541690  +2             -263 
    5544090  +2             -285 
    5546490  +2             -304 
    5548890  +2             -321 
    5551290  +2             -337 
    5553690  +2             -353 
    5556090  +2             -370 
    5558490  +2             -388 
    5560890  +2             -408 
    5563290  +2             -429 
    5565690  +2             -451 
    5568090  +2             -473 
    5570490  +2             -494 
    5572890  +2             -513 
    5575290  +2             -529 
    5577690  +2             -542 
    5580090  +2             -552 
    5582490  +2             -560 
    5584890  +2             -567 
    5587290  +2             -575 
    5589690  +2             -585 
    5592090  +2             -598 
    5594490  +2             -614 
    5596890  +2             -631 
    5599290  +2             -649 
    5601690  +2             -668 
    5604090  +2             -687 
    5606490  +2             -705 
    5608890  +2             -722 
    5611290  +2             -738 
    5613690  +2             -754 
    5616090  +2             -772 
    5618490  +2             -793 
    5620890  +2             -817 
    5623290  +2             -844 
    5625690  +2             -873 
    5628090  +2             -902 
    5630490  +2             -929 
    5632890  +2             -952 
    5635290  +2             -971 
    5637690  +2             -986 
    5640090  +2             -998 
    5642490  +2            -1009 
    5644890  +2            -1021 
    5647290  +2            -1036 
    5649690  +2            -1054 
    5652090  +2            -1074 
    5654490  +2            -1095 
    5656890  +2            -1115 
    5659290  +2            -1133 
    5661690  +2            -1148 
    5664090  +2            -1159 
    5666490  +2            -1166 
    5668890  +2            -1170 
    5671290  +2            -1173 
    5673690  +2            -1176 
    5676090  +2            -1180 
    5678490  +2            -1185 
    5680890  +2            -1191 
    5683290  +2            -1198 
    5685690  +2            -1205 
    5688090  +2            -1212 
    5690490  +2            -1218 
    5692890  +2            -1222 
    5695290  +2            -1224 
    5697690  +2            -1223 
    5700090  +2            -1219 
    5702490  +2            -1213 
    5704890  +2            -1206 
    5707290  +2            -1199 
    5709690  +2            -1193 
    5712090  +2            -1188 
    5714490  +2            -1183 
    5716890  +2            -1177 
    5719290  +2            -1168 
    5721690  +2            -1155 
    5724090  +2            -1137 
    5726490  +2            -1114 
    5728890  +2            -1087 
    5731290  +2            -1058 
    5733690  +2            -1030 
    5736090  +2            -1004 
    5738490  +2             -981 
    5740890  +2             -960 
    5743290  +2             -940 
    5745690  +2             -919 
    5748090  +2             -896 
    5750490  +2             -870 
    5752890  +2             -841 
    5755290  +2             -810 
    5757690  +2             -779 
    5760090  +2             -749 
    5762490  +2             -721 
    5764890  +2             -695 
    5767290  +2             -671 
    5769690  +2             -648 
    5772090  +2             -626 
    5774490  +2             -604 
    5776890  +2             -582 
    5779290  +2             -560 
    5781690  +2             -539 
    5784090  +2             -519 
    5786490  +2             -500 
    5788890  +2             -482 
    5791290  +2             -465 
    5793690  +2             -449 
    5796090  +2             -434 
    5798490  +2             -420 
    5800890  +2             -406 
    5803290  +2             -393 
    5805690  +2             -381 
    5808090  +2             -369 
    5810490  +2             -357 
    5812890  +2             -345 
    5815290  +2             -333 
    5817690  +2             -321 
    5820090  +2             -309 
    5822490  +2             -296 
    5824890  +2             -282 
    5827290  +2             -267 
    5829690  +2             -252 
    5832090  +2             -237 
    5834490  +2             -222 
    5836890  +2             -208 
    5839290  +2             -195 
    5841690  +2             -182 
    5844090  +2             -168 
    5846490  +2             -152 
    5848890  +2             -134 
    5851290  +2             -114 
    5853690  +2              -92 
    5856090  +2              -69 
    5858490  +2              -46 
    5860890  +2              -25 
    5863290  +2               -7 
    5865690  +2                6 
    5868090  +2               15 
    5870490  +2               22 
    5872890  +2               29 
    5875290  +2               37 
    5877690  +2               46 
    5880090  +2               56 
    5882490  +2               66 
    5884890  +2               74 
    5887290  +2               78 
    5892090  +2               73 
    5894490  +2               64 
    5896890  +2               53 
    5899290  +2               41 
    5901690  +2               30 
    5904090  +2               21 
    5906490  +2               14 
    5908890  +2                9 
    5911290  +2                6 
    5913690  +2                5 
    5920890  +2                4 
    5923290  +2                2 
    5925690  +2               -1 
    5928090  +2               -6 
    5930490  +2              -14 
    5932890  +2              -26 
    5935290  +2              -41 
    5937690  +2              -59 
    5940090  +2              -79 
    5942490  +2              -99 
    5944890  +2             -118 
    5947290  +2             -136 
    5949690  +2             -153 
    5952090  +2             -169 
    5954490  +2             -184 
    5956890  +2             -199 
    5959290  +2             -214 
    5961690  +2             -229 
    5964090  +2             -245 
    5966490  +2             -262 
    5968890  +2             -280 
    5971290  +2             -299 
    5973690  +2             -318 
    5976090  +2             -337 
    5978490  +2             -355 
    5980890  +2             -372 
    5983290  +2             -387 
    5985690  +2             -400 
    5988090  +2             -411 
    5990490  +2             -421 
    5992890  +2             -431 
    5995290  +2             -442 
    5997690  +2             -455 
    6000090  +2             -471 
    6002490  +2             -490 
    6004890  +2             -512 
    6007290  +2             -537 
    6009690  +2             -564 
    6012090  +2             -592 
    6014490  +2             -621 
    6016890  +2             -649 
    6019290  +2             -675 
    6021690  +2             -699 
    6024090  +2             -720 
    6026490  +2             -738 
    6028890  +2             -754 
    6031290  +2             -768 
    6033690  +2             -781 
    6036090  +2             -794 
    6038490  +2             -807 
    6040890  +2             -820 
    6043290  +2             -833 
    6045690  +2             -846 
    6048090  +2             -859 
    6050490  +2             -872 
    6052890  +2             -885 
    6055290  +2             -898 
    6057690  +2             -912 
    6060090  +2             -927 
    6062490  +2             -942 
    6064890  +2             -957 
    6067290  +2             -971 
    6069690  +2             -984 
    6072090  +2             -996 
    6074490  +2            -1007 
    6076890  +2            -1018 
    6079290  +2            -1029 
    6081690  +2            -1040 
    6084090  +2            -1051 
    6086490  +2            -1062 
    6088890  +2            -1072 
    6091290  +2            -1080 
    6093690  +2            -1086 
    6096090  +2            -1089 
    6098490  +2            -1090 
    6103290  +2            -1089 
    6105690  +2            -1087 
    6108090  +2            -1085 
    6110490  +2            -1083 
    6112890  +2            -1080 
    6115290  +2            -1076 
    6117690  +2            -1072 
    6120090  +2            -1068 
