         ns       /testbench/out    
          delta                     
          0  +0                x 
         10  +2                0 
       2490  +2            32488 
       4890  +2            31977 
       7290  +2            31288 
       9690  +2            30491 
      12090  +2            29652 
      14490  +2            28820 
      16890  +2            28021 
      19290  +2            27257 
      21690  +2            26516 
      24090  +2            25780 
      26490  +2            25036 
      28890  +2            24277 
      31290  +2            23504 
      33690  +2            22726 
      36090  +2            21952 
      38490  +2            21188 
      40890  +2            20435 
      43290  +2            19688 
      45690  +2            18941 
      48090  +2            18189 
      50490  +2            17431 
      52890  +2            16669 
      55290  +2            15906 
      57690  +2            15146 
      60090  +2            14393 
      62490  +2            13646 
      64890  +2            12901 
      67290  +2            12155 
      69690  +2            11405 
      72090  +2            10651 
      74490  +2             9895 
      76890  +2             9139 
      79290  +2             8386 
      81690  +2             7637 
      84090  +2             6892 
      86490  +2             6150 
      88890  +2             5408 
      91290  +2             4664 
      93690  +2             3918 
      96090  +2             3172 
      98490  +2             2429 
     100890  +2             1690 
     103290  +2              954 
     105690  +2              219 
     108090  +2             -517 
     110490  +2            -1254 
     112890  +2            -1993 
     115290  +2            -2733 
     117690  +2            -3474 
     120090  +2            -4213 
     122490  +2            -4949 
     124890  +2            -5680 
     127290  +2            -6407 
     129690  +2            -7133 
     132090  +2            -7860 
     134490  +2            -8589 
     136890  +2            -9320 
     139290  +2           -10051 
     141690  +2           -10781 
     144090  +2           -11510 
     146490  +2           -12238 
     148890  +2           -12965 
     151290  +2           -13692 
     153690  +2           -14417 
     156090  +2           -15140 
     158490  +2           -15860 
     160890  +2           -16578 
     163290  +2           -17294 
     165690  +2           -18008 
     168090  +2           -18721 
     170490  +2           -19433 
     172890  +2           -20145 
     175290  +2           -20856 
     177690  +2           -21566 
     180090  +2           -22273 
     182490  +2           -22974 
     184890  +2           -23666 
     187290  +2           -24346 
     189690  +2           -25011 
     192090  +2           -25657 
     194490  +2           -26278 
     196890  +2           -26867 
     199290  +2           -27415 
     201690  +2           -27911 
     204090  +2           -28341 
     206490  +2           -28692 
     208890  +2           -28948 
     211290  +2           -29093 
     213690  +2           -29113 
     216090  +2           -28995 
     218490  +2           -28731 
     220890  +2           -28317 
     223290  +2           -27755 
     225690  +2           -27057 
     228090  +2           -26245 
     230490  +2           -25347 
     232890  +2           -24397 
     235290  +2           -23431 
     237690  +2           -22486 
     240090  +2           -21593 
     242490  +2           -20774 
     244890  +2           -20041 
     247290  +2           -19395 
     249690  +2           -18822 
     252090  +2           -18301 
     254490  +2           -17804 
     256890  +2           -17301 
     259290  +2           -16764 
     261690  +2           -16173 
     264090  +2           -15519 
     266490  +2           -14806 
     268890  +2           -14050 
     271290  +2           -13274 
     273690  +2           -12506 
     276090  +2           -11770 
     278490  +2           -11080 
     280890  +2           -10440 
     283290  +2            -9843 
     285690  +2            -9272 
     288090  +2            -8705 
     290490  +2            -8121 
     292890  +2            -7504 
     295290  +2            -6848 
     297690  +2            -6158 
     300090  +2            -5447 
     302490  +2            -4734 
     304890  +2            -4037 
     307290  +2            -3370 
     309690  +2            -2739 
     312090  +2            -2139 
     314490  +2            -1558 
     316890  +2             -979 
     319290  +2             -385 
     321690  +2              236 
     324090  +2              887 
     326490  +2             1563 
     328890  +2             2251 
     331290  +2             2935 
     333690  +2             3600 
     336090  +2             4237 
     338490  +2             4846 
     340890  +2             5435 
     343290  +2             6018 
     345690  +2             6611 
     348090  +2             7225 
     350490  +2             7864 
     352890  +2             8523 
     355290  +2             9191 
     357690  +2             9854 
     360090  +2            10499 
     362490  +2            11120 
     364890  +2            11719 
     367290  +2            12305 
     369690  +2            12890 
     372090  +2            13486 
     374490  +2            14100 
     376890  +2            14732 
     379290  +2            15374 
     381690  +2            16015 
     384090  +2            16643 
     386490  +2            17250 
     388890  +2            17835 
     391290  +2            18402 
     393690  +2            18959 
     396090  +2            19514 
     398490  +2            20071 
     400890  +2            20629 
     403290  +2            21178 
     405690  +2            21704 
     408090  +2            22192 
     410490  +2            22629 
     412890  +2            23007 
     415290  +2            23322 
     417690  +2            23573 
     420090  +2            23760 
     422490  +2            23878 
     424890  +2            23919 
     427290  +2            23872 
     429690  +2            23726 
     432090  +2            23470 
     434490  +2            23099 
     436890  +2            22615 
     439290  +2            22028 
     441690  +2            21355 
     444090  +2            20616 
     446490  +2            19830 
     448890  +2            19015 
     451290  +2            18188 
     453690  +2            17365 
     456090  +2            16562 
     458490  +2            15794 
     460890  +2            15077 
     463290  +2            14424 
     465690  +2            13843 
     468090  +2            13334 
     470490  +2            12888 
     472890  +2            12487 
     475290  +2            12104 
     477690  +2            11712 
     480090  +2            11285 
     482490  +2            10805 
     484890  +2            10263 
     487290  +2             9662 
     489690  +2             9012 
     492090  +2             8329 
     494490  +2             7631 
     496890  +2             6936 
     499290  +2             6260 
     501690  +2             5615 
     504090  +2             5008 
     506490  +2             4441 
     508890  +2             3912 
     511290  +2             3415 
     513690  +2             2937 
     516090  +2             2461 
     518490  +2             1967 
     520890  +2             1440 
     523290  +2              871 
     525690  +2              259 
     528090  +2             -386 
     530490  +2            -1047 
     532890  +2            -1702 
     535290  +2            -2330 
     537690  +2            -2917 
     540090  +2            -3457 
     542490  +2            -3956 
     544890  +2            -4429 
     547290  +2            -4897 
     549690  +2            -5379 
     552090  +2            -5890 
     554490  +2            -6437 
     556890  +2            -7018 
     559290  +2            -7623 
     561690  +2            -8238 
     564090  +2            -8847 
     566490  +2            -9436 
     568890  +2            -9997 
     571290  +2           -10527 
     573690  +2           -11028 
     576090  +2           -11509 
     578490  +2           -11982 
     580890  +2           -12462 
     583290  +2           -12960 
     585690  +2           -13482 
     588090  +2           -14029 
     590490  +2           -14596 
     592890  +2           -15172 
     595290  +2           -15742 
     597690  +2           -16291 
     600090  +2           -16808 
     602490  +2           -17288 
     604890  +2           -17734 
     607290  +2           -18157 
     609690  +2           -18570 
     612090  +2           -18983 
     614490  +2           -19403 
     616890  +2           -19826 
     619290  +2           -20239 
     621690  +2           -20625 
     624090  +2           -20965 
     626490  +2           -21242 
     628890  +2           -21445 
     631290  +2           -21571 
     633690  +2           -21624 
     636090  +2           -21611 
     638490  +2           -21538 
     640890  +2           -21406 
     643290  +2           -21213 
     645690  +2           -20951 
     648090  +2           -20610 
     650490  +2           -20181 
     652890  +2           -19662 
     655290  +2           -19059 
     657690  +2           -18385 
     660090  +2           -17659 
     662490  +2           -16905 
     664890  +2           -16146 
     667290  +2           -15401 
     669690  +2           -14685 
     672090  +2           -14008 
     674490  +2           -13375 
     676890  +2           -12788 
     679290  +2           -12245 
     681690  +2           -11744 
     684090  +2           -11281 
     686490  +2           -10854 
     688890  +2           -10459 
     691290  +2           -10090 
     693690  +2            -9738 
     696090  +2            -9392 
     698490  +2            -9035 
     700890  +2            -8650 
     703290  +2            -8223 
     705690  +2            -7743 
     708090  +2            -7209 
     710490  +2            -6627 
     712890  +2            -6012 
     715290  +2            -5385 
     717690  +2            -4769 
     720090  +2            -4184 
     722490  +2            -3643 
     724890  +2            -3149 
     727290  +2            -2698 
     729690  +2            -2280 
     732090  +2            -1879 
     734490  +2            -1481 
     736890  +2            -1075 
     739290  +2             -654 
     741690  +2             -215 
     744090  +2              242 
     746490  +2              717 
     748890  +2             1212 
     751290  +2             1726 
     753690  +2             2257 
     756090  +2             2800 
     758490  +2             3346 
     760890  +2             3884 
     763290  +2             4401 
     765690  +2             4888 
     768090  +2             5340 
     770490  +2             5760 
     772890  +2             6160 
     775290  +2             6558 
     777690  +2             6971 
     780090  +2             7415 
     782490  +2             7897 
     784890  +2             8413 
     787290  +2             8951 
     789690  +2             9495 
     792090  +2            10028 
     794490  +2            10538 
     796890  +2            11017 
     799290  +2            11466 
     801690  +2            11892 
     804090  +2            12305 
     806490  +2            12715 
     808890  +2            13131 
     811290  +2            13556 
     813690  +2            13988 
     816090  +2            14424 
     818490  +2            14859 
     820890  +2            15285 
     823290  +2            15695 
     825690  +2            16083 
     828090  +2            16442 
     830490  +2            16765 
     832890  +2            17046 
     835290  +2            17280 
     837690  +2            17466 
     840090  +2            17603 
     842490  +2            17693 
     844890  +2            17741 
     847290  +2            17749 
     849690  +2            17716 
     852090  +2            17637 
     854490  +2            17504 
     856890  +2            17306 
     859290  +2            17031 
     861690  +2            16673 
     864090  +2            16232 
     866490  +2            15714 
     868890  +2            15133 
     871290  +2            14509 
     873690  +2            13862 
     876090  +2            13211 
     878490  +2            12569 
     880890  +2            11944 
     883290  +2            11338 
     885690  +2            10750 
     888090  +2            10178 
     890490  +2             9623 
     892890  +2             9090 
     895290  +2             8586 
     897690  +2             8121 
     900090  +2             7702 
     902490  +2             7333 
     904890  +2             7010 
     907290  +2             6722 
     909690  +2             6452 
     912090  +2             6179 
     914490  +2             5883 
     916890  +2             5549 
     919290  +2             5168 
     921690  +2             4738 
     924090  +2             4266 
     926490  +2             3761 
     928890  +2             3236 
     931290  +2             2704 
     933690  +2             2177 
     936090  +2             1664 
     938490  +2             1171 
     940890  +2              701 
     943290  +2              256 
     945690  +2             -163 
     948090  +2             -559 
     950490  +2             -935 
     952890  +2            -1295 
     955290  +2            -1646 
     957690  +2            -1995 
     960090  +2            -2348 
     962490  +2            -2712 
     964890  +2            -3093 
     967290  +2            -3496 
     969690  +2            -3923 
     972090  +2            -4376 
     974490  +2            -4852 
     976890  +2            -5344 
     979290  +2            -5841 
     981690  +2            -6329 
     984090  +2            -6795 
     986490  +2            -7228 
     988890  +2            -7621 
     991290  +2            -7977 
     993690  +2            -8305 
     996090  +2            -8620 
     998490  +2            -8940 
    1000890  +2            -9282 
    1003290  +2            -9657 
    1005690  +2           -10066 
    1008090  +2           -10504 
    1010490  +2           -10957 
    1012890  +2           -11409 
    1015290  +2           -11846 
    1017690  +2           -12258 
    1020090  +2           -12640 
    1022490  +2           -12995 
    1024890  +2           -13329 
    1027290  +2           -13648 
    1029690  +2           -13956 
    1032090  +2           -14254 
    1034490  +2           -14541 
    1036890  +2           -14815 
    1039290  +2           -15074 
    1041690  +2           -15318 
    1044090  +2           -15548 
    1046490  +2           -15763 
    1048890  +2           -15960 
    1051290  +2           -16134 
    1053690  +2           -16274 
    1056090  +2           -16365 
    1058490  +2           -16394 
    1060890  +2           -16352 
    1063290  +2           -16235 
    1065690  +2           -16047 
    1068090  +2           -15796 
    1070490  +2           -15496 
    1072890  +2           -15161 
    1075290  +2           -14802 
    1077690  +2           -14424 
    1080090  +2           -14025 
    1082490  +2           -13599 
    1084890  +2           -13139 
    1087290  +2           -12638 
    1089690  +2           -12096 
    1092090  +2           -11520 
    1094490  +2           -10922 
    1096890  +2           -10320 
    1099290  +2            -9734 
    1101690  +2            -9184 
    1104090  +2            -8684 
    1106490  +2            -8241 
    1108890  +2            -7856 
    1111290  +2            -7522 
    1113690  +2            -7227 
    1116090  +2            -6956 
    1118490  +2            -6697 
    1120890  +2            -6439 
    1123290  +2            -6174 
    1125690  +2            -5899 
    1128090  +2            -5613 
    1130490  +2            -5316 
    1132890  +2            -5008 
    1135290  +2            -4688 
    1137690  +2            -4353 
    1140090  +2            -3999 
    1142490  +2            -3621 
    1144890  +2            -3215 
    1147290  +2            -2781 
    1149690  +2            -2323 
    1152090  +2            -1849 
    1154490  +2            -1369 
    1156890  +2             -896 
    1159290  +2             -444 
    1161690  +2              -22 
    1164090  +2              364 
    1166490  +2              711 
    1168890  +2             1023 
    1171290  +2             1308 
    1173690  +2             1578 
    1176090  +2             1847 
    1178490  +2             2128 
    1180890  +2             2433 
    1183290  +2             2770 
    1185690  +2             3141 
    1188090  +2             3544 
    1190490  +2             3971 
    1192890  +2             4409 
    1195290  +2             4846 
    1197690  +2             5270 
    1200090  +2             5672 
    1202490  +2             6049 
    1204890  +2             6403 
    1207290  +2             6739 
    1209690  +2             7063 
    1212090  +2             7381 
    1214490  +2             7698 
    1216890  +2             8016 
    1219290  +2             8335 
    1221690  +2             8654 
    1224090  +2             8972 
    1226490  +2             9290 
    1228890  +2             9610 
    1231290  +2             9936 
    1233690  +2            10270 
    1236090  +2            10612 
    1238490  +2            10958 
    1240890  +2            11298 
    1243290  +2            11621 
    1245690  +2            11914 
    1248090  +2            12167 
    1250490  +2            12375 
    1252890  +2            12539 
    1255290  +2            12665 
    1257690  +2            12764 
    1260090  +2            12848 
    1262490  +2            12926 
    1264890  +2            13001 
    1267290  +2            13068 
    1269690  +2            13117 
    1272090  +2            13134 
    1274490  +2            13104 
    1276890  +2            13015 
    1279290  +2            12859 
    1281690  +2            12634 
    1284090  +2            12345 
    1286490  +2            12000 
    1288890  +2            11610 
    1291290  +2            11188 
    1293690  +2            10743 
    1296090  +2            10284 
    1298490  +2             9818 
    1300890  +2             9350 
    1303290  +2             8882 
    1305690  +2             8416 
    1308090  +2             7954 
    1310490  +2             7498 
    1312890  +2             7049 
    1315290  +2             6610 
    1317690  +2             6186 
    1320090  +2             5780 
    1322490  +2             5397 
    1324890  +2             5042 
    1327290  +2             4718 
    1329690  +2             4426 
    1332090  +2             4164 
    1334490  +2             3927 
    1336890  +2             3709 
    1339290  +2             3502 
    1341690  +2             3296 
    1344090  +2             3083 
    1346490  +2             2854 
    1348890  +2             2601 
    1351290  +2             2319 
    1353690  +2             2005 
    1356090  +2             1658 
    1358490  +2             1281 
    1360890  +2              880 
    1363290  +2              466 
    1365690  +2               49 
    1368090  +2             -359 
    1370490  +2             -747 
    1372890  +2            -1110 
    1375290  +2            -1447 
    1377690  +2            -1760 
    1380090  +2            -2055 
    1382490  +2            -2339 
    1384890  +2            -2618 
    1387290  +2            -2895 
    1389690  +2            -3171 
    1392090  +2            -3445 
    1394490  +2            -3716 
    1396890  +2            -3982 
    1399290  +2            -4245 
    1401690  +2            -4509 
    1404090  +2            -4781 
    1406490  +2            -5069 
    1408890  +2            -5380 
    1411290  +2            -5716 
    1413690  +2            -6075 
    1416090  +2            -6450 
    1418490  +2            -6829 
    1420890  +2            -7199 
    1423290  +2            -7547 
    1425690  +2            -7866 
    1428090  +2            -8154 
    1430490  +2            -8413 
    1432890  +2            -8652 
    1435290  +2            -8880 
    1437690  +2            -9107 
    1440090  +2            -9343 
    1442490  +2            -9592 
    1444890  +2            -9854 
    1447290  +2           -10127 
    1449690  +2           -10406 
    1452090  +2           -10685 
    1454490  +2           -10958 
    1456890  +2           -11220 
    1459290  +2           -11466 
    1461690  +2           -11691 
    1464090  +2           -11892 
    1466490  +2           -12064 
    1468890  +2           -12202 
    1471290  +2           -12303 
    1473690  +2           -12364 
    1476090  +2           -12385 
    1478490  +2           -12369 
    1480890  +2           -12322 
    1483290  +2           -12250 
    1485690  +2           -12158 
    1488090  +2           -12048 
    1490490  +2           -11919 
    1492890  +2           -11768 
    1495290  +2           -11589 
    1497690  +2           -11374 
    1500090  +2           -11119 
    1502490  +2           -10823 
    1504890  +2           -10487 
    1507290  +2           -10115 
    1509690  +2            -9713 
    1512090  +2            -9288 
    1514490  +2            -8846 
    1516890  +2            -8393 
    1519290  +2            -7937 
    1521690  +2            -7486 
    1524090  +2            -7048 
    1526490  +2            -6634 
    1528890  +2            -6254 
    1531290  +2            -5912 
    1533690  +2            -5609 
    1536090  +2            -5340 
    1538490  +2            -5095 
    1540890  +2            -4863 
    1543290  +2            -4634 
    1545690  +2            -4400 
    1548090  +2            -4161 
    1550490  +2            -3920 
    1552890  +2            -3684 
    1555290  +2            -3459 
    1557690  +2            -3248 
    1560090  +2            -3051 
    1562490  +2            -2861 
    1564890  +2            -2666 
    1567290  +2            -2454 
    1569690  +2            -2213 
    1572090  +2            -1934 
    1574490  +2            -1616 
    1576890  +2            -1263 
    1579290  +2             -884 
    1581690  +2             -493 
    1584090  +2             -103 
    1586490  +2              274 
    1588890  +2              627 
    1591290  +2              951 
    1593690  +2             1244 
    1596090  +2             1508 
    1598490  +2             1748 
    1600890  +2             1971 
    1603290  +2             2184 
    1605690  +2             2395 
    1608090  +2             2608 
    1610490  +2             2828 
    1612890  +2             3059 
    1615290  +2             3302 
    1617690  +2             3558 
    1620090  +2             3827 
    1622490  +2             4109 
    1624890  +2             4402 
    1627290  +2             4703 
    1629690  +2             5009 
    1632090  +2             5314 
    1634490  +2             5613 
    1636890  +2             5902 
    1639290  +2             6179 
    1641690  +2             6443 
    1644090  +2             6695 
    1646490  +2             6936 
    1648890  +2             7168 
    1651290  +2             7393 
    1653690  +2             7609 
    1656090  +2             7814 
    1658490  +2             8007 
    1660890  +2             8187 
    1663290  +2             8356 
    1665690  +2             8520 
    1668090  +2             8684 
    1670490  +2             8852 
    1672890  +2             9026 
    1675290  +2             9205 
    1677690  +2             9382 
    1680090  +2             9544 
    1682490  +2             9679 
    1684890  +2             9776 
    1687290  +2             9827 
    1689690  +2             9829 
    1692090  +2             9783 
    1694490  +2             9695 
    1696890  +2             9573 
    1699290  +2             9425 
    1701690  +2             9260 
    1704090  +2             9082 
    1706490  +2             8892 
    1708890  +2             8691 
    1711290  +2             8476 
    1713690  +2             8243 
    1716090  +2             7989 
    1718490  +2             7711 
    1720890  +2             7406 
    1723290  +2             7073 
    1725690  +2             6714 
    1728090  +2             6333 
    1730490  +2             5937 
    1732890  +2             5536 
    1735290  +2             5140 
    1737690  +2             4759 
    1740090  +2             4401 
    1742490  +2             4071 
    1744890  +2             3770 
    1747290  +2             3496 
    1749690  +2             3245 
    1752090  +2             3014 
    1754490  +2             2800 
    1756890  +2             2601 
    1759290  +2             2417 
    1761690  +2             2247 
    1764090  +2             2087 
    1766490  +2             1932 
    1768890  +2             1775 
    1771290  +2             1608 
    1773690  +2             1423 
    1776090  +2             1218 
    1778490  +2              993 
    1780890  +2              751 
    1783290  +2              498 
    1785690  +2              240 
    1788090  +2              -19 
    1790490  +2             -278 
    1792890  +2             -540 
    1795290  +2             -807 
    1797690  +2            -1083 
    1800090  +2            -1369 
    1802490  +2            -1664 
    1804890  +2            -1963 
    1807290  +2            -2259 
    1809690  +2            -2545 
    1812090  +2            -2815 
    1814490  +2            -3065 
    1816890  +2            -3292 
    1819290  +2            -3497 
    1821690  +2            -3684 
    1824090  +2            -3857 
    1826490  +2            -4021 
    1828890  +2            -4184 
    1831290  +2            -4354 
    1833690  +2            -4537 
    1836090  +2            -4740 
    1838490  +2            -4969 
    1840890  +2            -5224 
    1843290  +2            -5501 
    1845690  +2            -5793 
    1848090  +2            -6089 
    1850490  +2            -6377 
    1852890  +2            -6647 
    1855290  +2            -6892 
    1857690  +2            -7110 
    1860090  +2            -7303 
    1862490  +2            -7479 
    1864890  +2            -7645 
    1867290  +2            -7808 
    1869690  +2            -7973 
    1872090  +2            -8140 
    1874490  +2            -8306 
    1876890  +2            -8467 
    1879290  +2            -8619 
    1881690  +2            -8759 
    1884090  +2            -8885 
    1886490  +2            -8998 
    1888890  +2            -9101 
    1891290  +2            -9196 
    1893690  +2            -9283 
    1896090  +2            -9360 
    1898490  +2            -9421 
    1900890  +2            -9460 
    1903290  +2            -9472 
    1905690  +2            -9452 
    1908090  +2            -9397 
    1910490  +2            -9307 
    1912890  +2            -9182 
    1915290  +2            -9025 
    1917690  +2            -8840 
    1920090  +2            -8632 
    1922490  +2            -8404 
    1924890  +2            -8158 
    1927290  +2            -7897 
    1929690  +2            -7624 
    1932090  +2            -7341 
    1934490  +2            -7051 
    1936890  +2            -6757 
    1939290  +2            -6460 
    1941690  +2            -6161 
    1944090  +2            -5860 
    1946490  +2            -5556 
    1948890  +2            -5248 
    1951290  +2            -4936 
    1953690  +2            -4622 
    1956090  +2            -4311 
    1958490  +2            -4010 
    1960890  +2            -3726 
    1963290  +2            -3466 
    1965690  +2            -3235 
    1968090  +2            -3037 
    1970490  +2            -2871 
    1972890  +2            -2730 
    1975290  +2            -2606 
    1977690  +2            -2490 
    1980090  +2            -2372 
    1982490  +2            -2242 
    1984890  +2            -2095 
    1987290  +2            -1929 
    1989690  +2            -1745 
    1992090  +2            -1547 
    1994490  +2            -1338 
    1996890  +2            -1122 
    1999290  +2             -901 
    2001690  +2             -675 
    2004090  +2             -444 
    2006490  +2             -207 
    2008890  +2               38 
    2011290  +2              291 
    2013690  +2              551 
    2016090  +2              813 
    2018490  +2             1071 
    2020890  +2             1319 
    2023290  +2             1552 
    2025690  +2             1768 
    2028090  +2             1966 
    2030490  +2             2149 
    2032890  +2             2322 
    2035290  +2             2490 
    2037690  +2             2656 
    2040090  +2             2822 
    2042490  +2             2990 
    2044890  +2             3158 
    2047290  +2             3325 
    2049690  +2             3491 
    2052090  +2             3658 
    2054490  +2             3828 
    2056890  +2             4006 
    2059290  +2             4197 
    2061690  +2             4404 
    2064090  +2             4627 
    2066490  +2             4863 
    2068890  +2             5104 
    2071290  +2             5341 
    2073690  +2             5566 
    2076090  +2             5770 
    2078490  +2             5947 
    2080890  +2             6097 
    2083290  +2             6221 
    2085690  +2             6323 
    2088090  +2             6411 
    2090490  +2             6493 
    2092890  +2             6576 
    2095290  +2             6663 
    2097690  +2             6755 
    2100090  +2             6850 
    2102490  +2             6942 
    2104890  +2             7025 
    2107290  +2             7094 
    2109690  +2             7144 
    2112090  +2             7171 
    2114490  +2             7173 
    2116890  +2             7150 
    2119290  +2             7103 
    2121690  +2             7033 
    2124090  +2             6941 
    2126490  +2             6828 
    2128890  +2             6694 
    2131290  +2             6536 
    2133690  +2             6353 
    2136090  +2             6146 
    2138490  +2             5916 
    2140890  +2             5664 
    2143290  +2             5396 
    2145690  +2             5117 
    2148090  +2             4833 
    2150490  +2             4549 
    2152890  +2             4269 
    2155290  +2             3996 
    2157690  +2             3731 
    2160090  +2             3474 
    2162490  +2             3224 
    2164890  +2             2981 
    2167290  +2             2745 
    2169690  +2             2514 
    2172090  +2             2289 
    2174490  +2             2070 
    2176890  +2             1858 
    2179290  +2             1654 
    2181690  +2             1460 
    2184090  +2             1279 
    2186490  +2             1116 
    2188890  +2              973 
    2191290  +2              849 
    2193690  +2              742 
    2196090  +2              646 
    2198490  +2              554 
    2200890  +2              458 
    2203290  +2              348 
    2205690  +2              217 
    2208090  +2               60 
    2210490  +2             -122 
    2212890  +2             -326 
    2215290  +2             -548 
    2217690  +2             -780 
    2220090  +2            -1015 
    2222490  +2            -1249 
    2224890  +2            -1477 
    2227290  +2            -1697 
    2229690  +2            -1908 
    2232090  +2            -2110 
    2234490  +2            -2304 
    2236890  +2            -2491 
    2239290  +2            -2671 
    2241690  +2            -2845 
    2244090  +2            -3016 
    2246490  +2            -3185 
    2248890  +2            -3354 
    2251290  +2            -3524 
    2253690  +2            -3695 
    2256090  +2            -3864 
    2258490  +2            -4028 
    2260890  +2            -4185 
    2263290  +2            -4334 
    2265690  +2            -4475 
    2268090  +2            -4612 
    2270490  +2            -4751 
    2272890  +2            -4899 
    2275290  +2            -5060 
    2277690  +2            -5236 
    2280090  +2            -5426 
    2282490  +2            -5625 
    2284890  +2            -5824 
    2287290  +2            -6014 
    2289690  +2            -6189 
    2292090  +2            -6343 
    2294490  +2            -6475 
    2296890  +2            -6589 
    2299290  +2            -6689 
    2301690  +2            -6778 
    2304090  +2            -6858 
    2306490  +2            -6929 
    2308890  +2            -6990 
    2311290  +2            -7040 
    2313690  +2            -7077 
    2316090  +2            -7101 
    2318490  +2            -7114 
    2320890  +2            -7119 
    2325690  +2            -7116 
    2328090  +2            -7109 
    2330490  +2            -7094 
    2332890  +2            -7065 
    2335290  +2            -7015 
    2337690  +2            -6937 
    2340090  +2            -6828 
    2342490  +2            -6687 
