         ns       /testbench/x        /testbench/z      
          delta              /testbench/y               
          0  +0     xxxxxxxxxx xxxxxxxxxx xxxxxxxx 
         10  +2     0000000000 0000000000 xxxxxxxx 
      19870  +2     0000000000 0000000000 11001000 
      19930  +2     0000000000 0000000001 01100111 
      19990  +2     0000000000 0000000010 01110010 
      20050  +2     0000000000 0000000011 01010110 
      20110  +2     0000000000 0000000100 10000010 
      20170  +2     0000000000 0000000101 01010011 
      20230  +2     0000000000 0000000110 01100110 
      20290  +2     0000000000 0000000111 01011000 
      20350  +2     0000000000 0000001000 10010110 
      20410  +2     0000000000 0000001001 01010111 
      20470  +2     0000000000 0000001010 01100011 
      20530  +2     0000000000 0000001011 01001111 
      20590  +2     0000000000 0000001100 01111000 
      20650  +2     0000000000 0000001101 01010000 
      20710  +2     0000000000 0000001110 01100110 
      20770  +2     0000000000 0000001111 01011010 
      20830  +2     0000000000 0000010000 10100000 
      20890  +2     0000000001 0000000000 01110001 
      20950  +2     0000000001 0000000001 00110010 
      21010  +2     0000000001 0000000010 01101100 
      21070  +2     0000000001 0000000011 00111110 
      21130  +2     0000000001 0000000100 01110001 
      21190  +2     0000000001 0000000101 01000111 
      21250  +2     0000000001 0000000110 01110101 
      21310  +2     0000000001 0000000111 01001101 
      21370  +2     0000000001 0000001000 01110111 
      21430  +2     0000000001 0000001001 01010001 
      21490  +2     0000000001 0000001010 01111001 
      21550  +2     0000000001 0000001011 01010010 
      21610  +2     0000000001 0000001100 01111001 
      21670  +2     0000000001 0000001101 01010011 
      21730  +2     0000000001 0000001110 01111010 
      21790  +2     0000000001 0000001111 01010100 
      21850  +2     0000000001 0000010000 01110001 
      21910  +2     0000000010 0000000000 01111001 
      21970  +2     0000000010 0000000001 01000111 
      22030  +2     0000000010 0000000010 01000000 
      22090  +2     0000000010 0000000011 01000110 
      22150  +2     0000000010 0000000100 01110101 
      22210  +2     0000000010 0000000101 01001010 
      22270  +2     0000000010 0000000110 01010001 
      22330  +2     0000000010 0000000111 01001100 
      22390  +2     0000000010 0000001000 01111100 
      22450  +2     0000000010 0000001001 01001110 
      22510  +2     0000000010 0000001010 01011011 
      22570  +2     0000000010 0000001011 01001111 
      22630  +2     0000000010 0000001100 01111111 
      22690  +2     0000000010 0000001101 01010000 
      22750  +2     0000000010 0000001110 01011110 
      22810  +2     0000000010 0000001111 01001110 
      22870  +2     0000000010 0000010000 01111001 
      22930  +2     0000000011 0000000000 01011111 
      22990  +2     0000000011 0000000001 00110010 
      23050  +2     0000000011 0000000010 01011001 
      23110  +2     0000000011 0000000011 00111110 
      23170  +2     0000000011 0000000100 01011111 
      23230  +2     0000000011 0000000101 01000111 
      23290  +2     0000000011 0000000110 01100010 
      23350  +2     0000000011 0000000111 01001101 
      23410  +2     0000000011 0000001000 01100101 
      23470  +2     0000000011 0000001001 01010001 
      23530  +2     0000000011 0000001010 01100110 
      23590  +2     0000000011 0000001011 01010010 
      23650  +2     0000000011 0000001100 01100111 
      23710  +2     0000000011 0000001101 01010011 
      23770  +2     0000000011 0000001110 01100111 
      23830  +2     0000000011 0000001111 01010100 
      23890  +2     0000000011 0000010000 01011111 
      23950  +2     0000000100 0000000000 01111110 
      24010  +2     0000000100 0000000001 01001101 
      24070  +2     0000000100 0000000010 01010101 
      24130  +2     0000000100 0000000011 01000011 
      24190  +2     0000000100 0000000100 01010110 
      24250  +2     0000000100 0000000101 01000011 
      24310  +2     0000000100 0000000110 01010101 
      24370  +2     0000000100 0000000111 01001101 
      24430  +2     0000000100 0000001000 01111110 
      24490  +2     0000000100 0000001001 01001111 
      24550  +2     0000000100 0000001010 01011010 
      24610  +2     0000000100 0000001011 01001010 
      24670  +2     0000000100 0000001100 01101010 
      24730  +2     0000000100 0000001101 01001010 
      24790  +2     0000000100 0000001110 01011010 
      24850  +2     0000000100 0000001111 01001111 
      24910  +2     0000000100 0000010000 01111110 
      24970  +2     0000000101 0000000000 01011001 
      25030  +2     0000000101 0000000001 00110010 
      25090  +2     0000000101 0000000010 01010100 
      25150  +2     0000000101 0000000011 00111110 
      25210  +2     0000000101 0000000100 01011001 
      25270  +2     0000000101 0000000101 01000111 
      25330  +2     0000000101 0000000110 01011101 
      25390  +2     0000000101 0000000111 01001101 
      25450  +2     0000000101 0000001000 01011111 
      25510  +2     0000000101 0000001001 01010001 
      25570  +2     0000000101 0000001010 01100001 
      25630  +2     0000000101 0000001011 01010010 
      25690  +2     0000000101 0000001100 01100001 
      25750  +2     0000000101 0000001101 01010011 
      25810  +2     0000000101 0000001110 01100010 
      25870  +2     0000000101 0000001111 01010100 
      25930  +2     0000000101 0000010000 01011001 
      25990  +2     0000000110 0000000000 01100011 
      26050  +2     0000000110 0000000001 01000001 
      26110  +2     0000000110 0000000010 01000000 
      26170  +2     0000000110 0000000011 01000001 
      26230  +2     0000000110 0000000100 01100000 
      26290  +2     0000000110 0000000101 01000101 
      26350  +2     0000000110 0000000110 01010001 
      26410  +2     0000000110 0000000111 01000111 
      26470  +2     0000000110 0000001000 01100111 
      26530  +2     0000000110 0000001001 01001001 
      26590  +2     0000000110 0000001010 01011011 
      26650  +2     0000000110 0000001011 01001010 
      26710  +2     0000000110 0000001100 01101010 
      26770  +2     0000000110 0000001101 01001011 
      26830  +2     0000000110 0000001110 01011110 
      26890  +2     0000000110 0000001111 01001001 
      26950  +2     0000000110 0000010000 01100011 
      27010  +2     0000000111 0000000000 01010111 
      27070  +2     0000000111 0000000001 00110010 
      27130  +2     0000000111 0000000010 01010001 
      27190  +2     0000000111 0000000011 00111110 
      27250  +2     0000000111 0000000100 01010110 
      27310  +2     0000000111 0000000101 01000111 
      27370  +2     0000000111 0000000110 01011010 
      27430  +2     0000000111 0000000111 01001101 
      27490  +2     0000000111 0000001000 01011101 
      27550  +2     0000000111 0000001001 01010001 
      27610  +2     0000000111 0000001010 01011110 
      27670  +2     0000000111 0000001011 01010010 
      27730  +2     0000000111 0000001100 01011110 
      27790  +2     0000000111 0000001101 01010011 
      27850  +2     0000000111 0000001110 01011111 
      27910  +2     0000000111 0000001111 01010100 
      27970  +2     0000000111 0000010000 01010111 
      28030  +2     0000001000 0000000000 01110011 
      28090  +2     0000001000 0000000001 01001011 
      28150  +2     0000001000 0000000010 01010110 
      28210  +2     0000001000 0000000011 01000111 
      28270  +2     0000001000 0000000100 01100101 
      28330  +2     0000001000 0000000101 01001000 
      28390  +2     0000001000 0000000110 01010111 
      28450  +2     0000001000 0000000111 01001100 
      28510  +2     0000001000 0000001000 01111000 
      28570  +2     0000001000 0000001001 01001100 
      28630  +2     0000001000 0000001010 01010111 
      28690  +2     0000001000 0000001011 01001000 
      28750  +2     0000001000 0000001100 01100101 
      28810  +2     0000001000 0000001101 01000111 
      28870  +2     0000001000 0000001110 01010110 
      28930  +2     0000001000 0000001111 01001011 
      28990  +2     0000001000 0000010000 01110011 
      29050  +2     0000001001 0000000000 01010100 
      29110  +2     0000001001 0000000001 00110010 
      29170  +2     0000001001 0000000010 01001110 
      29230  +2     0000001001 0000000011 00111110 
      29290  +2     0000001001 0000000100 01010100 
      29350  +2     0000001001 0000000101 01000111 
      29410  +2     0000001001 0000000110 01010111 
      29470  +2     0000001001 0000000111 01001101 
      29530  +2     0000001001 0000001000 01011010 
      29590  +2     0000001001 0000001001 01010001 
      29650  +2     0000001001 0000001010 01011011 
      29710  +2     0000001001 0000001011 01010010 
      29770  +2     0000001001 0000001100 01011100 
      29830  +2     0000001001 0000001101 01010011 
      29890  +2     0000001001 0000001110 01011100 
      29950  +2     0000001001 0000001111 01010100 
      30010  +2     0000001001 0000010000 01010100 
      30070  +2     0000001010 0000000000 01011000 
      30130  +2     0000001010 0000000001 00111111 
      30190  +2     0000001010 0000000010 01000000 
      30250  +2     0000001010 0000000011 00111110 
      30310  +2     0000001010 0000000100 01010101 
      30370  +2     0000001010 0000000101 01000010 
      30430  +2     0000001010 0000000110 01010001 
      30490  +2     0000001010 0000000111 01000100 
      30550  +2     0000001010 0000001000 01011100 
      30610  +2     0000001010 0000001001 01000110 
      30670  +2     0000001010 0000001010 01011011 
      30730  +2     0000001010 0000001011 01000111 
      30790  +2     0000001010 0000001100 01011111 
      30850  +2     0000001010 0000001101 01001000 
      30910  +2     0000001010 0000001110 01011110 
      30970  +2     0000001010 0000001111 01000110 
      31030  +2     0000001010 0000010000 01011000 
      31090  +2     0000001011 0000000000 01001011 
      31150  +2     0000001011 0000000001 00110010 
      31210  +2     0000001011 0000000010 01000110 
      31270  +2     0000001011 0000000011 00111110 
      31330  +2     0000001011 0000000100 01001011 
      31390  +2     0000001011 0000000101 01000111 
      31450  +2     0000001011 0000000110 01001111 
      31510  +2     0000001011 0000000111 01001101 
      31570  +2     0000001011 0000001000 01010001 
      31630  +2     0000001011 0000001001 01010001 
      31690  +2     0000001011 0000001010 01010011 
      31750  +2     0000001011 0000001011 01010010 
      31810  +2     0000001011 0000001100 01010011 
      31870  +2     0000001011 0000001101 01010011 
      31930  +2     0000001011 0000001110 01010100 
      31990  +2     0000001011 0000001111 01010100 
      32050  +2     0000001011 0000010000 01001011 
      32110  +2     0000001100 0000000000 01010001 
      32170  +2     0000001100 0000000001 00111111 
      32230  +2     0000001100 0000000010 01001001 
      32290  +2     0000001100 0000000011 01000000 
      32350  +2     0000001100 0000000100 01010110 
      32410  +2     0000001100 0000000101 01000000 
      32470  +2     0000001100 0000000110 01001001 
      32530  +2     0000001100 0000000111 00111111 
      32590  +2     0000001100 0000001000 01010001 
      32650  +2     0000001100 0000001001 01000000 
      32710  +2     0000001100 0000001010 01001110 
      32770  +2     0000001100 0000001011 01000111 
      32830  +2     0000001100 0000001100 01101010 
      32890  +2     0000001100 0000001101 01000111 
      32950  +2     0000001100 0000001110 01001110 
      33010  +2     0000001100 0000001111 01000000 
      33070  +2     0000001100 0000010000 01010001 
      33130  +2     0000001101 0000000000 01000101 
      33190  +2     0000001101 0000000001 00110010 
      33250  +2     0000001101 0000000010 01000000 
      33310  +2     0000001101 0000000011 00111110 
      33370  +2     0000001101 0000000100 01000101 
      33430  +2     0000001101 0000000101 01000111 
      33490  +2     0000001101 0000000110 01001001 
      33550  +2     0000001101 0000000111 01001101 
      33610  +2     0000001101 0000001000 01001011 
      33670  +2     0000001101 0000001001 01010001 
      33730  +2     0000001101 0000001010 01001101 
      33790  +2     0000001101 0000001011 01010010 
      33850  +2     0000001101 0000001100 01001101 
      33910  +2     0000001101 0000001101 01010011 
      33970  +2     0000001101 0000001110 01001110 
      34030  +2     0000001101 0000001111 01010100 
      34090  +2     0000001101 0000010000 01000101 
      34150  +2     0000001110 0000000000 01000000 
      34210  +2     0000001110 0000000001 00111001 
      34270  +2     0000001110 0000000010 01000000 
      34330  +2     0000001110 0000000011 00111000 
      34390  +2     0000001110 0000000100 00111101 
      34450  +2     0000001110 0000000101 00111100 
      34510  +2     0000001110 0000000110 01010001 
      34570  +2     0000001110 0000000111 00111110 
      34630  +2     0000001110 0000001000 01000100 
      34690  +2     0000001110 0000001001 01000000 
      34750  +2     0000001110 0000001010 01011011 
      34810  +2     0000001110 0000001011 01000001 
      34870  +2     0000001110 0000001100 01000111 
      34930  +2     0000001110 0000001101 01000010 
      34990  +2     0000001110 0000001110 01011110 
      35050  +2     0000001110 0000001111 01000000 
      35110  +2     0000001110 0000010000 01000000 
      35170  +2     0000001111 0000000000 00110110 
      35230  +2     0000001111 0000000001 00110010 
      35290  +2     0000001111 0000000010 00110001 
      35350  +2     0000001111 0000000011 00111110 
      35410  +2     0000001111 0000000100 00110110 
      35470  +2     0000001111 0000000101 01000111 
      35530  +2     0000001111 0000000110 00111010 
      35590  +2     0000001111 0000000111 01001101 
      35650  +2     0000001111 0000001000 00111100 
      35710  +2     0000001111 0000001001 01010001 
      35770  +2     0000001111 0000001010 00111101 
      35830  +2     0000001111 0000001011 01010010 
      35890  +2     0000001111 0000001100 00111110 
      35950  +2     0000001111 0000001101 01010011 
      36010  +2     0000001111 0000001110 00111110 
      36070  +2     0000001111 0000001111 01010100 
      36130  +2     0000001111 0000010000 00110110 
      36190  +2     0000010000 0000000000 00010100 
      36250  +2     0000010000 0000000001 00101011 
      36310  +2     0000010000 0000000010 00110110 
      36370  +2     0000010000 0000000011 00111000 
      36430  +2     0000010000 0000000100 01000110 
      36490  +2     0000010000 0000000101 00111100 
      36550  +2     0000010000 0000000110 01001000 
      36610  +2     0000010000 0000000111 01000001 
      36670  +2     0000010000 0000001000 01011010 
      36730  +2     0000010000 0000001001 01000010 
      36790  +2     0000010000 0000001010 01001101 
      36850  +2     0000010000 0000001011 01000010 
      36910  +2     0000010000 0000001100 01011010 
      36970  +2     0000010000 0000001101 01000011 
      37030  +2     0000010000 0000001110 01001111 
      37090  +2     0000010000 0000001111 00000000 
      37150  +2     0000010000 0000010000 01100100 
