         ns       /testbench/x        /testbench/z      
          delta              /testbench/y               
          0  +0     xxxxxxxxxx xxxxxxxxxx xxxxxxxx 
         10  +2     0000000000 0000000000 xxxxxxxx 
       2490  +2     0000000000 0000000000 11001000 
       2550  +2     0000000000 0000000001 10011011 
       2610  +2     0000000000 0000000010 10100100 
       2670  +2     0000000000 0000000011 10011100 
       2730  +2     0000000000 0000000100 11001011 
       2790  +2     0000000000 0000000101 10001011 
       2850  +2     0000000000 0000000110 01111101 
       2910  +2     0000000000 0000000111 01100111 
       2970  +2     0000000000 0000001000 01011010 
       3030  +2     0000000000 0000001001 01101101 
       3090  +2     0000000000 0000001010 01110110 
       3150  +2     0000000000 0000001011 01101110 
       3210  +2     0000000000 0000001100 01001010 
       3270  +2     0000000000 0000001101 10000001 
       3330  +2     0000000000 0000001110 10011101 
       3390  +2     0000000000 0000001111 10011111 
       3450  +2     0000000000 0000010000 10100000 
       3510  +2     0000000001 0000000000 10110111 
       3570  +2     0000000001 0000000001 10110101 
       3630  +2     0000000001 0000000010 10101100 
       3690  +2     0000000001 0000000011 10100011 
       3750  +2     0000000001 0000000100 10011100 
       3810  +2     0000000001 0000000101 10000110 
       3870  +2     0000000001 0000000110 01110000 
       3930  +2     0000000001 0000000111 01100100 
       3990  +2     0000000001 0000001000 01100011 
       4050  +2     0000000001 0000001001 01100100 
       4110  +2     0000000001 0000001010 01101001 
       4170  +2     0000000001 0000001011 01100110 
       4230  +2     0000000001 0000001100 01100111 
       4290  +2     0000000001 0000001101 01111010 
       4350  +2     0000000001 0000001110 10010011 
       4410  +2     0000000001 0000001111 10011111 
       4470  +2     0000000001 0000010000 10100111 
       4530  +2     0000000010 0000000000 11000000 
       4590  +2     0000000010 0000000001 10110110 
       4650  +2     0000000010 0000000010 10101000 
       4710  +2     0000000010 0000000011 10001101 
       4770  +2     0000000010 0000000100 01111000 
       4830  +2     0000000010 0000000101 01101001 
       4890  +2     0000000010 0000000110 01011011 
       4950  +2     0000000010 0000000111 01011000 
       5010  +2     0000000010 0000001000 01011110 
       5070  +2     0000000010 0000001001 01011110 
       5130  +2     0000000010 0000001010 01100101 
       5190  +2     0000000010 0000001011 01101100 
       5250  +2     0000000010 0000001100 01110100 
       5310  +2     0000000010 0000001101 10000100 
       5370  +2     0000000010 0000001110 10001111 
       5430  +2     0000000010 0000001111 10011111 
       5490  +2     0000000010 0000010000 10100110 
       5550  +2     0000000011 0000000000 11000101 
       5610  +2     0000000011 0000000001 10111110 
       5670  +2     0000000011 0000000010 10011100 
       5730  +2     0000000011 0000000011 01110011 
       5790  +2     0000000011 0000000100 01010011 
       5850  +2     0000000011 0000000101 01001001 
       5910  +2     0000000011 0000000110 01000110 
       5970  +2     0000000011 0000000111 01000011 
       6030  +2     0000000011 0000001000 01000101 
       6090  +2     0000000011 0000001001 01010011 
       6150  +2     0000000011 0000001010 01100000 
       6210  +2     0000000011 0000001011 01110001 
       6270  +2     0000000011 0000001100 10000011 
       6330  +2     0000000011 0000001101 10001010 
       6390  +2     0000000011 0000001110 10010100 
       6450  +2     0000000011 0000001111 10100001 
       6510  +2     0000000011 0000010000 10110001 
       6570  +2     0000000100 0000000000 11110110 
       6630  +2     0000000100 0000000001 10111111 
       6690  +2     0000000100 0000000010 10011001 
       6750  +2     0000000100 0000000011 01011110 
       6810  +2     0000000100 0000000100 00010100 
       6870  +2     0000000100 0000000101 00101110 
       6930  +2     0000000100 0000000110 00110001 
       6990  +2     0000000100 0000000111 00110011 
       7050  +2     0000000100 0000001000 00100011 
       7110  +2     0000000100 0000001001 01000110 
       7170  +2     0000000100 0000001010 01011010 
       7230  +2     0000000100 0000001011 01110000 
       7290  +2     0000000100 0000001100 10010010 
       7350  +2     0000000100 0000001101 10001001 
       7410  +2     0000000100 0000001110 10010000 
       7470  +2     0000000100 0000001111 10100000 
       7530  +2     0000000100 0000010000 11000010 
       7590  +2     0000000101 0000000000 10110110 
       7650  +2     0000000101 0000000001 10110000 
       7710  +2     0000000101 0000000010 10001001 
       7770  +2     0000000101 0000000011 01011010 
       7830  +2     0000000101 0000000100 00110100 
       7890  +2     0000000101 0000000101 00100111 
       7950  +2     0000000101 0000000110 00101100 
       8010  +2     0000000101 0000000111 00101100 
       8070  +2     0000000101 0000001000 00110110 
       8130  +2     0000000101 0000001001 01000010 
       8190  +2     0000000101 0000001010 01010010 
       8250  +2     0000000101 0000001011 01100011 
       8310  +2     0000000101 0000001100 01110001 
       8370  +2     0000000101 0000001101 01110101 
       8430  +2     0000000101 0000001110 01111011 
       8490  +2     0000000101 0000001111 10000110 
       8550  +2     0000000101 0000010000 10011011 
       8610  +2     0000000110 0000000000 10101110 
       8670  +2     0000000110 0000000001 10011111 
       8730  +2     0000000110 0000000010 10000100 
       8790  +2     0000000110 0000000011 01011010 
       8850  +2     0000000110 0000000100 00111000 
       8910  +2     0000000110 0000000101 00101010 
       8970  +2     0000000110 0000000110 00100000 
       9030  +2     0000000110 0000000111 00110001 
       9090  +2     0000000110 0000001000 00111111 
       9150  +2     0000000110 0000001001 01000100 
       9210  +2     0000000110 0000001010 01001001 
       9270  +2     0000000110 0000001011 01010000 
       9330  +2     0000000110 0000001100 01011001 
       9390  +2     0000000110 0000001101 01011100 
       9450  +2     0000000110 0000001110 01011001 
       9510  +2     0000000110 0000001111 01100110 
       9570  +2     0000000110 0000010000 01101010 
       9630  +2     0000000111 0000000000 10010011 
       9690  +2     0000000111 0000000001 10011010 
       9750  +2     0000000111 0000000010 01111001 
       9810  +2     0000000111 0000000011 01010010 
       9870  +2     0000000111 0000000100 00110010 
       9930  +2     0000000111 0000000101 00101100 
       9990  +2     0000000111 0000000110 00110000 
      10050  +2     0000000111 0000000111 00110101 
      10110  +2     0000000111 0000001000 00111101 
      10170  +2     0000000111 0000001001 01000100 
      10230  +2     0000000111 0000001010 01000100 
      10290  +2     0000000111 0000001011 00111101 
      10350  +2     0000000111 0000001100 00111001 
      10410  +2     0000000111 0000001101 01000010 
      10470  +2     0000000111 0000001110 01001101 
      10530  +2     0000000111 0000001111 01000101 
      10590  +2     0000000111 0000010000 01010101 
      10650  +2     0000001000 0000000000 10111111 
      10710  +2     0000001000 0000000001 10010111 
      10770  +2     0000001000 0000000010 01110110 
      10830  +2     0000001000 0000000011 01001110 
      10890  +2     0000001000 0000000100 00010100 
      10950  +2     0000001000 0000000101 00110010 
      11010  +2     0000001000 0000000110 00111110 
      11070  +2     0000001000 0000000111 01000001 
      11130  +2     0000001000 0000001000 00111000 
      11190  +2     0000001000 0000001001 01001011 
      11250  +2     0000001000 0000001010 01000110 
      11310  +2     0000001000 0000001011 00111001 
      11370  +2     0000001000 0000001100 00000100 
      11430  +2     0000001000 0000001101 00111101 
      11490  +2     0000001000 0000001110 01001011 
      11550  +2     0000001000 0000001111 00111100 
      11610  +2     0000001000 0000010000 00001001 
      11670  +2     0000001001 0000000000 10001100 
      11730  +2     0000001001 0000000001 10001110 
      11790  +2     0000001001 0000000010 01110101 
      11850  +2     0000001001 0000000011 01011000 
      11910  +2     0000001001 0000000100 01000110 
      11970  +2     0000001001 0000000101 01001000 
      12030  +2     0000001001 0000000110 01010010 
      12090  +2     0000001001 0000000111 01011000 
      12150  +2     0000001001 0000001000 01011110 
      12210  +2     0000001001 0000001001 01100001 
      12270  +2     0000001001 0000001010 01100011 
      12330  +2     0000001001 0000001011 01011010 
      12390  +2     0000001001 0000001100 01010101 
      12450  +2     0000001001 0000001101 01011101 
      12510  +2     0000001001 0000001110 01100010 
      12570  +2     0000001001 0000001111 01011000 
      12630  +2     0000001001 0000010000 01011111 
      12690  +2     0000001010 0000000000 10001101 
      12750  +2     0000001010 0000000001 10000100 
      12810  +2     0000001010 0000000010 01110111 
      12870  +2     0000001010 0000000011 01101010 
      12930  +2     0000001010 0000000100 01100010 
      12990  +2     0000001010 0000000101 01100011 
      13050  +2     0000001010 0000000110 01100110 
      13110  +2     0000001010 0000000111 01110011 
      13170  +2     0000001010 0000001000 01111110 
      13230  +2     0000001010 0000001001 10000101 
      13290  +2     0000001010 0000001010 10001010 
      13350  +2     0000001010 0000001011 10001011 
      13410  +2     0000001010 0000001100 10010001 
      13470  +2     0000001010 0000001101 10001111 
      13530  +2     0000001010 0000001110 10001010 
      13590  +2     0000001010 0000001111 10000111 
      13650  +2     0000001010 0000010000 10000001 
      13710  +2     0000001011 0000000000 10001011 
      13770  +2     0000001011 0000000001 01111000 
      13830  +2     0000001011 0000000010 01110101 
      13890  +2     0000001011 0000000011 01110111 
      13950  +2     0000001011 0000000100 01111010 
      14010  +2     0000001011 0000000101 01111011 
      14070  +2     0000001011 0000000110 01111111 
      14130  +2     0000001011 0000000111 10001010 
      14190  +2     0000001011 0000001000 10011100 
      14250  +2     0000001011 0000001001 10100010 
      14310  +2     0000001011 0000001010 10101001 
      14370  +2     0000001011 0000001011 10110101 
      14430  +2     0000001011 0000001100 11000001 
      14490  +2     0000001011 0000001101 10111011 
      14550  +2     0000001011 0000001110 10110111 
      14610  +2     0000001011 0000001111 10111000 
      14670  +2     0000001011 0000010000 10101100 
      14730  +2     0000001100 0000000000 01101010 
      14790  +2     0000001100 0000000001 01110000 
      14850  +2     0000001100 0000000010 01110001 
      14910  +2     0000001100 0000000011 01111110 
      14970  +2     0000001100 0000000100 10010001 
      15030  +2     0000001100 0000000101 10000111 
      15090  +2     0000001100 0000000110 10001001 
      15150  +2     0000001100 0000000111 10011001 
      15210  +2     0000001100 0000001000 10111010 
      15270  +2     0000001100 0000001001 10110001 
      15330  +2     0000001100 0000001010 11000010 
      15390  +2     0000001100 0000001011 11001100 
      15450  +2     0000001100 0000001100 11110111 
      15510  +2     0000001100 0000001101 11011001 
      15570  +2     0000001100 0000001110 11011100 
      15630  +2     0000001100 0000001111 11010101 
      15690  +2     0000001100 0000010000 11110011 
      15750  +2     0000001101 0000000000 10000100 
      15810  +2     0000001101 0000000001 01101001 
      15870  +2     0000001101 0000000010 01101011 
      15930  +2     0000001101 0000000011 01110011 
      15990  +2     0000001101 0000000100 01111110 
      16050  +2     0000001101 0000000101 10000000 
      16110  +2     0000001101 0000000110 10000101 
      16170  +2     0000001101 0000000111 10001110 
      16230  +2     0000001101 0000001000 10011100 
      16290  +2     0000001101 0000001001 10101000 
      16350  +2     0000001101 0000001010 10110011 
      16410  +2     0000001101 0000001011 11000100 
      16470  +2     0000001101 0000001100 11010010 
      16530  +2     0000001101 0000001101 11010011 
      16590  +2     0000001101 0000001110 11001111 
      16650  +2     0000001101 0000001111 11001110 
      16710  +2     0000001101 0000010000 10111000 
      16770  +2     0000001110 0000000000 01101101 
      16830  +2     0000001110 0000000001 01100001 
      16890  +2     0000001110 0000000010 01010101 
      16950  +2     0000001110 0000000011 01100011 
      17010  +2     0000001110 0000000100 01101110 
      17070  +2     0000001110 0000000101 01101111 
      17130  +2     0000001110 0000000110 01110100 
      17190  +2     0000001110 0000000111 01111010 
      17250  +2     0000001110 0000001000 10000010 
      17310  +2     0000001110 0000001001 10010011 
      17370  +2     0000001110 0000001010 10100000 
      17430  +2     0000001110 0000001011 10101100 
      17490  +2     0000001110 0000001100 10111000 
      17550  +2     0000001110 0000001101 10111100 
      17610  +2     0000001110 0000001110 11000010 
      17670  +2     0000001110 0000001111 10110110 
      17730  +2     0000001110 0000010000 10101010 
      17790  +2     0000001111 0000000000 01011101 
      17850  +2     0000001111 0000000001 01001101 
      17910  +2     0000001111 0000000010 01010011 
      17970  +2     0000001111 0000000011 01010011 
      18030  +2     0000001111 0000000100 01010011 
      18090  +2     0000001111 0000000101 01011100 
      18150  +2     0000001111 0000000110 01100011 
      18210  +2     0000001111 0000000111 01100011 
      18270  +2     0000001111 0000001000 01101000 
      18330  +2     0000001111 0000001001 01110111 
      18390  +2     0000001111 0000001010 10001010 
      18450  +2     0000001111 0000001011 10010101 
      18510  +2     0000001111 0000001100 10011101 
      18570  +2     0000001111 0000001101 10100110 
      18630  +2     0000001111 0000001110 10100111 
      18690  +2     0000001111 0000001111 10011010 
      18750  +2     0000001111 0000010000 01111111 
      18810  +2     0000010000 0000000000 00010100 
      18870  +2     0000010000 0000000001 01011011 
      18930  +2     0000010000 0000000010 01010110 
      18990  +2     0000010000 0000000011 01011111 
      19050  +2     0000010000 0000000100 00110000 
      19110  +2     0000010000 0000000101 01011010 
      19170  +2     0000010000 0000000110 01011000 
      19230  +2     0000010000 0000000111 01010110 
      19290  +2     0000010000 0000001000 00111010 
      19350  +2     0000010000 0000001001 01100100 
      19410  +2     0000010000 0000001010 01111110 
      19470  +2     0000010000 0000001011 01111110 
      19530  +2     0000010000 0000001100 10000001 
      19590  +2     0000010000 0000001101 10001101 
      19650  +2     0000010000 0000001110 10010110 
      19710  +2     0000010000 0000001111 10001101 
      19770  +2     0000010000 0000010000 01100100 
